# Index	Name	log nH [cm^-3]	R [kpc]		Tk	Z
0  		dif_0	-5.0000       	-0.7000       	2.5000e+00    	-3.0000       
1  		dif_1	-5.0000       	-0.7000       	3.3000e+00    	-3.0000       
2  		dif_2	-5.0000       	-0.7000       	4.1000e+00    	-3.0000       
3  		dif_3	-5.0000       	-0.7000       	4.9000e+00    	-3.0000       
4  		dif_4	-5.0000       	-0.7000       	5.7000e+00    	-3.0000       
5  		dif_5	-5.0000       	-0.7000       	6.5000e+00    	-3.0000       
6  		dif_6	-5.0000       	-0.7000       	2.5000e+00    	-2.4000       
7  		dif_7	-5.0000       	-0.7000       	3.3000e+00    	-2.4000       
8  		dif_8	-5.0000       	-0.7000       	4.1000e+00    	-2.4000       
9  		dif_9	-5.0000       	-0.7000       	4.9000e+00    	-2.4000       
10 		dif_10	-5.0000       	-0.7000       	5.7000e+00    	-2.4000       
11 		dif_11	-5.0000       	-0.7000       	6.5000e+00    	-2.4000       
12 		dif_12	-5.0000       	-0.7000       	2.5000e+00    	-1.8000       
13 		dif_13	-5.0000       	-0.7000       	3.3000e+00    	-1.8000       
14 		dif_14	-5.0000       	-0.7000       	4.1000e+00    	-1.8000       
15 		dif_15	-5.0000       	-0.7000       	4.9000e+00    	-1.8000       
16 		dif_16	-5.0000       	-0.7000       	5.7000e+00    	-1.8000       
17 		dif_17	-5.0000       	-0.7000       	6.5000e+00    	-1.8000       
18 		dif_18	-5.0000       	-0.7000       	2.5000e+00    	-1.2000       
19 		dif_19	-5.0000       	-0.7000       	3.3000e+00    	-1.2000       
20 		dif_20	-5.0000       	-0.7000       	4.1000e+00    	-1.2000       
21 		dif_21	-5.0000       	-0.7000       	4.9000e+00    	-1.2000       
22 		dif_22	-5.0000       	-0.7000       	5.7000e+00    	-1.2000       
23 		dif_23	-5.0000       	-0.7000       	6.5000e+00    	-1.2000       
24 		dif_24	-5.0000       	-0.7000       	2.5000e+00    	-0.6000       
25 		dif_25	-5.0000       	-0.7000       	3.3000e+00    	-0.6000       
26 		dif_26	-5.0000       	-0.7000       	4.1000e+00    	-0.6000       
27 		dif_27	-5.0000       	-0.7000       	4.9000e+00    	-0.6000       
28 		dif_28	-5.0000       	-0.7000       	5.7000e+00    	-0.6000       
29 		dif_29	-5.0000       	-0.7000       	6.5000e+00    	-0.6000       
30 		dif_30	-5.0000       	-0.7000       	2.5000e+00    	0.0000        
31 		dif_31	-5.0000       	-0.7000       	3.3000e+00    	0.0000        
32 		dif_32	-5.0000       	-0.7000       	4.1000e+00    	0.0000        
33 		dif_33	-5.0000       	-0.7000       	4.9000e+00    	0.0000        
34 		dif_34	-5.0000       	-0.7000       	5.7000e+00    	0.0000        
35 		dif_35	-5.0000       	-0.7000       	6.5000e+00    	0.0000        
36 		dif_36	-5.0000       	-0.4000       	2.5000e+00    	-3.0000       
37 		dif_37	-5.0000       	-0.4000       	3.3000e+00    	-3.0000       
38 		dif_38	-5.0000       	-0.4000       	4.1000e+00    	-3.0000       
39 		dif_39	-5.0000       	-0.4000       	4.9000e+00    	-3.0000       
40 		dif_40	-5.0000       	-0.4000       	5.7000e+00    	-3.0000       
41 		dif_41	-5.0000       	-0.4000       	6.5000e+00    	-3.0000       
42 		dif_42	-5.0000       	-0.4000       	2.5000e+00    	-2.4000       
43 		dif_43	-5.0000       	-0.4000       	3.3000e+00    	-2.4000       
44 		dif_44	-5.0000       	-0.4000       	4.1000e+00    	-2.4000       
45 		dif_45	-5.0000       	-0.4000       	4.9000e+00    	-2.4000       
46 		dif_46	-5.0000       	-0.4000       	5.7000e+00    	-2.4000       
47 		dif_47	-5.0000       	-0.4000       	6.5000e+00    	-2.4000       
48 		dif_48	-5.0000       	-0.4000       	2.5000e+00    	-1.8000       
49 		dif_49	-5.0000       	-0.4000       	3.3000e+00    	-1.8000       
50 		dif_50	-5.0000       	-0.4000       	4.1000e+00    	-1.8000       
51 		dif_51	-5.0000       	-0.4000       	4.9000e+00    	-1.8000       
52 		dif_52	-5.0000       	-0.4000       	5.7000e+00    	-1.8000       
53 		dif_53	-5.0000       	-0.4000       	6.5000e+00    	-1.8000       
54 		dif_54	-5.0000       	-0.4000       	2.5000e+00    	-1.2000       
55 		dif_55	-5.0000       	-0.4000       	3.3000e+00    	-1.2000       
56 		dif_56	-5.0000       	-0.4000       	4.1000e+00    	-1.2000       
57 		dif_57	-5.0000       	-0.4000       	4.9000e+00    	-1.2000       
58 		dif_58	-5.0000       	-0.4000       	5.7000e+00    	-1.2000       
59 		dif_59	-5.0000       	-0.4000       	6.5000e+00    	-1.2000       
60 		dif_60	-5.0000       	-0.4000       	2.5000e+00    	-0.6000       
61 		dif_61	-5.0000       	-0.4000       	3.3000e+00    	-0.6000       
62 		dif_62	-5.0000       	-0.4000       	4.1000e+00    	-0.6000       
63 		dif_63	-5.0000       	-0.4000       	4.9000e+00    	-0.6000       
64 		dif_64	-5.0000       	-0.4000       	5.7000e+00    	-0.6000       
65 		dif_65	-5.0000       	-0.4000       	6.5000e+00    	-0.6000       
66 		dif_66	-5.0000       	-0.4000       	2.5000e+00    	0.0000        
67 		dif_67	-5.0000       	-0.4000       	3.3000e+00    	0.0000        
68 		dif_68	-5.0000       	-0.4000       	4.1000e+00    	0.0000        
69 		dif_69	-5.0000       	-0.4000       	4.9000e+00    	0.0000        
70 		dif_70	-5.0000       	-0.4000       	5.7000e+00    	0.0000        
71 		dif_71	-5.0000       	-0.4000       	6.5000e+00    	0.0000        
72 		dif_72	-5.0000       	-0.1000       	2.5000e+00    	-3.0000       
73 		dif_73	-5.0000       	-0.1000       	3.3000e+00    	-3.0000       
74 		dif_74	-5.0000       	-0.1000       	4.1000e+00    	-3.0000       
75 		dif_75	-5.0000       	-0.1000       	4.9000e+00    	-3.0000       
76 		dif_76	-5.0000       	-0.1000       	5.7000e+00    	-3.0000       
77 		dif_77	-5.0000       	-0.1000       	6.5000e+00    	-3.0000       
78 		dif_78	-5.0000       	-0.1000       	2.5000e+00    	-2.4000       
79 		dif_79	-5.0000       	-0.1000       	3.3000e+00    	-2.4000       
80 		dif_80	-5.0000       	-0.1000       	4.1000e+00    	-2.4000       
81 		dif_81	-5.0000       	-0.1000       	4.9000e+00    	-2.4000       
82 		dif_82	-5.0000       	-0.1000       	5.7000e+00    	-2.4000       
83 		dif_83	-5.0000       	-0.1000       	6.5000e+00    	-2.4000       
84 		dif_84	-5.0000       	-0.1000       	2.5000e+00    	-1.8000       
85 		dif_85	-5.0000       	-0.1000       	3.3000e+00    	-1.8000       
86 		dif_86	-5.0000       	-0.1000       	4.1000e+00    	-1.8000       
87 		dif_87	-5.0000       	-0.1000       	4.9000e+00    	-1.8000       
88 		dif_88	-5.0000       	-0.1000       	5.7000e+00    	-1.8000       
89 		dif_89	-5.0000       	-0.1000       	6.5000e+00    	-1.8000       
90 		dif_90	-5.0000       	-0.1000       	2.5000e+00    	-1.2000       
91 		dif_91	-5.0000       	-0.1000       	3.3000e+00    	-1.2000       
92 		dif_92	-5.0000       	-0.1000       	4.1000e+00    	-1.2000       
93 		dif_93	-5.0000       	-0.1000       	4.9000e+00    	-1.2000       
94 		dif_94	-5.0000       	-0.1000       	5.7000e+00    	-1.2000       
95 		dif_95	-5.0000       	-0.1000       	6.5000e+00    	-1.2000       
96 		dif_96	-5.0000       	-0.1000       	2.5000e+00    	-0.6000       
97 		dif_97	-5.0000       	-0.1000       	3.3000e+00    	-0.6000       
98 		dif_98	-5.0000       	-0.1000       	4.1000e+00    	-0.6000       
99 		dif_99	-5.0000       	-0.1000       	4.9000e+00    	-0.6000       
100		dif_100	-5.0000       	-0.1000       	5.7000e+00    	-0.6000       
101		dif_101	-5.0000       	-0.1000       	6.5000e+00    	-0.6000       
102		dif_102	-5.0000       	-0.1000       	2.5000e+00    	0.0000        
103		dif_103	-5.0000       	-0.1000       	3.3000e+00    	0.0000        
104		dif_104	-5.0000       	-0.1000       	4.1000e+00    	0.0000        
105		dif_105	-5.0000       	-0.1000       	4.9000e+00    	0.0000        
106		dif_106	-5.0000       	-0.1000       	5.7000e+00    	0.0000        
107		dif_107	-5.0000       	-0.1000       	6.5000e+00    	0.0000        
108		dif_108	-5.0000       	0.2000        	2.5000e+00    	-3.0000       
109		dif_109	-5.0000       	0.2000        	3.3000e+00    	-3.0000       
110		dif_110	-5.0000       	0.2000        	4.1000e+00    	-3.0000       
111		dif_111	-5.0000       	0.2000        	4.9000e+00    	-3.0000       
112		dif_112	-5.0000       	0.2000        	5.7000e+00    	-3.0000       
113		dif_113	-5.0000       	0.2000        	6.5000e+00    	-3.0000       
114		dif_114	-5.0000       	0.2000        	2.5000e+00    	-2.4000       
115		dif_115	-5.0000       	0.2000        	3.3000e+00    	-2.4000       
116		dif_116	-5.0000       	0.2000        	4.1000e+00    	-2.4000       
117		dif_117	-5.0000       	0.2000        	4.9000e+00    	-2.4000       
118		dif_118	-5.0000       	0.2000        	5.7000e+00    	-2.4000       
119		dif_119	-5.0000       	0.2000        	6.5000e+00    	-2.4000       
120		dif_120	-5.0000       	0.2000        	2.5000e+00    	-1.8000       
121		dif_121	-5.0000       	0.2000        	3.3000e+00    	-1.8000       
122		dif_122	-5.0000       	0.2000        	4.1000e+00    	-1.8000       
123		dif_123	-5.0000       	0.2000        	4.9000e+00    	-1.8000       
124		dif_124	-5.0000       	0.2000        	5.7000e+00    	-1.8000       
125		dif_125	-5.0000       	0.2000        	6.5000e+00    	-1.8000       
126		dif_126	-5.0000       	0.2000        	2.5000e+00    	-1.2000       
127		dif_127	-5.0000       	0.2000        	3.3000e+00    	-1.2000       
128		dif_128	-5.0000       	0.2000        	4.1000e+00    	-1.2000       
129		dif_129	-5.0000       	0.2000        	4.9000e+00    	-1.2000       
130		dif_130	-5.0000       	0.2000        	5.7000e+00    	-1.2000       
131		dif_131	-5.0000       	0.2000        	6.5000e+00    	-1.2000       
132		dif_132	-5.0000       	0.2000        	2.5000e+00    	-0.6000       
133		dif_133	-5.0000       	0.2000        	3.3000e+00    	-0.6000       
134		dif_134	-5.0000       	0.2000        	4.1000e+00    	-0.6000       
135		dif_135	-5.0000       	0.2000        	4.9000e+00    	-0.6000       
136		dif_136	-5.0000       	0.2000        	5.7000e+00    	-0.6000       
137		dif_137	-5.0000       	0.2000        	6.5000e+00    	-0.6000       
138		dif_138	-5.0000       	0.2000        	2.5000e+00    	0.0000        
139		dif_139	-5.0000       	0.2000        	3.3000e+00    	0.0000        
140		dif_140	-5.0000       	0.2000        	4.1000e+00    	0.0000        
141		dif_141	-5.0000       	0.2000        	4.9000e+00    	0.0000        
142		dif_142	-5.0000       	0.2000        	5.7000e+00    	0.0000        
143		dif_143	-5.0000       	0.2000        	6.5000e+00    	0.0000        
144		dif_144	-5.0000       	0.5000        	2.5000e+00    	-3.0000       
145		dif_145	-5.0000       	0.5000        	3.3000e+00    	-3.0000       
146		dif_146	-5.0000       	0.5000        	4.1000e+00    	-3.0000       
147		dif_147	-5.0000       	0.5000        	4.9000e+00    	-3.0000       
148		dif_148	-5.0000       	0.5000        	5.7000e+00    	-3.0000       
149		dif_149	-5.0000       	0.5000        	6.5000e+00    	-3.0000       
150		dif_150	-5.0000       	0.5000        	2.5000e+00    	-2.4000       
151		dif_151	-5.0000       	0.5000        	3.3000e+00    	-2.4000       
152		dif_152	-5.0000       	0.5000        	4.1000e+00    	-2.4000       
153		dif_153	-5.0000       	0.5000        	4.9000e+00    	-2.4000       
154		dif_154	-5.0000       	0.5000        	5.7000e+00    	-2.4000       
155		dif_155	-5.0000       	0.5000        	6.5000e+00    	-2.4000       
156		dif_156	-5.0000       	0.5000        	2.5000e+00    	-1.8000       
157		dif_157	-5.0000       	0.5000        	3.3000e+00    	-1.8000       
158		dif_158	-5.0000       	0.5000        	4.1000e+00    	-1.8000       
159		dif_159	-5.0000       	0.5000        	4.9000e+00    	-1.8000       
160		dif_160	-5.0000       	0.5000        	5.7000e+00    	-1.8000       
161		dif_161	-5.0000       	0.5000        	6.5000e+00    	-1.8000       
162		dif_162	-5.0000       	0.5000        	2.5000e+00    	-1.2000       
163		dif_163	-5.0000       	0.5000        	3.3000e+00    	-1.2000       
164		dif_164	-5.0000       	0.5000        	4.1000e+00    	-1.2000       
165		dif_165	-5.0000       	0.5000        	4.9000e+00    	-1.2000       
166		dif_166	-5.0000       	0.5000        	5.7000e+00    	-1.2000       
167		dif_167	-5.0000       	0.5000        	6.5000e+00    	-1.2000       
168		dif_168	-5.0000       	0.5000        	2.5000e+00    	-0.6000       
169		dif_169	-5.0000       	0.5000        	3.3000e+00    	-0.6000       
170		dif_170	-5.0000       	0.5000        	4.1000e+00    	-0.6000       
171		dif_171	-5.0000       	0.5000        	4.9000e+00    	-0.6000       
172		dif_172	-5.0000       	0.5000        	5.7000e+00    	-0.6000       
173		dif_173	-5.0000       	0.5000        	6.5000e+00    	-0.6000       
174		dif_174	-5.0000       	0.5000        	2.5000e+00    	0.0000        
175		dif_175	-5.0000       	0.5000        	3.3000e+00    	0.0000        
176		dif_176	-5.0000       	0.5000        	4.1000e+00    	0.0000        
177		dif_177	-5.0000       	0.5000        	4.9000e+00    	0.0000        
178		dif_178	-5.0000       	0.5000        	5.7000e+00    	0.0000        
179		dif_179	-5.0000       	0.5000        	6.5000e+00    	0.0000        
180		dif_180	-5.0000       	0.8000        	2.5000e+00    	-3.0000       
181		dif_181	-5.0000       	0.8000        	3.3000e+00    	-3.0000       
182		dif_182	-5.0000       	0.8000        	4.1000e+00    	-3.0000       
183		dif_183	-5.0000       	0.8000        	4.9000e+00    	-3.0000       
184		dif_184	-5.0000       	0.8000        	5.7000e+00    	-3.0000       
185		dif_185	-5.0000       	0.8000        	6.5000e+00    	-3.0000       
186		dif_186	-5.0000       	0.8000        	2.5000e+00    	-2.4000       
187		dif_187	-5.0000       	0.8000        	3.3000e+00    	-2.4000       
188		dif_188	-5.0000       	0.8000        	4.1000e+00    	-2.4000       
189		dif_189	-5.0000       	0.8000        	4.9000e+00    	-2.4000       
190		dif_190	-5.0000       	0.8000        	5.7000e+00    	-2.4000       
191		dif_191	-5.0000       	0.8000        	6.5000e+00    	-2.4000       
192		dif_192	-5.0000       	0.8000        	2.5000e+00    	-1.8000       
193		dif_193	-5.0000       	0.8000        	3.3000e+00    	-1.8000       
194		dif_194	-5.0000       	0.8000        	4.1000e+00    	-1.8000       
195		dif_195	-5.0000       	0.8000        	4.9000e+00    	-1.8000       
196		dif_196	-5.0000       	0.8000        	5.7000e+00    	-1.8000       
197		dif_197	-5.0000       	0.8000        	6.5000e+00    	-1.8000       
198		dif_198	-5.0000       	0.8000        	2.5000e+00    	-1.2000       
199		dif_199	-5.0000       	0.8000        	3.3000e+00    	-1.2000       
200		dif_200	-5.0000       	0.8000        	4.1000e+00    	-1.2000       
201		dif_201	-5.0000       	0.8000        	4.9000e+00    	-1.2000       
202		dif_202	-5.0000       	0.8000        	5.7000e+00    	-1.2000       
203		dif_203	-5.0000       	0.8000        	6.5000e+00    	-1.2000       
204		dif_204	-5.0000       	0.8000        	2.5000e+00    	-0.6000       
205		dif_205	-5.0000       	0.8000        	3.3000e+00    	-0.6000       
206		dif_206	-5.0000       	0.8000        	4.1000e+00    	-0.6000       
207		dif_207	-5.0000       	0.8000        	4.9000e+00    	-0.6000       
208		dif_208	-5.0000       	0.8000        	5.7000e+00    	-0.6000       
209		dif_209	-5.0000       	0.8000        	6.5000e+00    	-0.6000       
210		dif_210	-5.0000       	0.8000        	2.5000e+00    	0.0000        
211		dif_211	-5.0000       	0.8000        	3.3000e+00    	0.0000        
212		dif_212	-5.0000       	0.8000        	4.1000e+00    	0.0000        
213		dif_213	-5.0000       	0.8000        	4.9000e+00    	0.0000        
214		dif_214	-5.0000       	0.8000        	5.7000e+00    	0.0000        
215		dif_215	-5.0000       	0.8000        	6.5000e+00    	0.0000        
216		dif_216	-4.0600       	-0.7000       	2.5000e+00    	-3.0000       
217		dif_217	-4.0600       	-0.7000       	3.3000e+00    	-3.0000       
218		dif_218	-4.0600       	-0.7000       	4.1000e+00    	-3.0000       
219		dif_219	-4.0600       	-0.7000       	4.9000e+00    	-3.0000       
220		dif_220	-4.0600       	-0.7000       	5.7000e+00    	-3.0000       
221		dif_221	-4.0600       	-0.7000       	6.5000e+00    	-3.0000       
222		dif_222	-4.0600       	-0.7000       	2.5000e+00    	-2.4000       
223		dif_223	-4.0600       	-0.7000       	3.3000e+00    	-2.4000       
224		dif_224	-4.0600       	-0.7000       	4.1000e+00    	-2.4000       
225		dif_225	-4.0600       	-0.7000       	4.9000e+00    	-2.4000       
226		dif_226	-4.0600       	-0.7000       	5.7000e+00    	-2.4000       
227		dif_227	-4.0600       	-0.7000       	6.5000e+00    	-2.4000       
228		dif_228	-4.0600       	-0.7000       	2.5000e+00    	-1.8000       
229		dif_229	-4.0600       	-0.7000       	3.3000e+00    	-1.8000       
230		dif_230	-4.0600       	-0.7000       	4.1000e+00    	-1.8000       
231		dif_231	-4.0600       	-0.7000       	4.9000e+00    	-1.8000       
232		dif_232	-4.0600       	-0.7000       	5.7000e+00    	-1.8000       
233		dif_233	-4.0600       	-0.7000       	6.5000e+00    	-1.8000       
234		dif_234	-4.0600       	-0.7000       	2.5000e+00    	-1.2000       
235		dif_235	-4.0600       	-0.7000       	3.3000e+00    	-1.2000       
236		dif_236	-4.0600       	-0.7000       	4.1000e+00    	-1.2000       
237		dif_237	-4.0600       	-0.7000       	4.9000e+00    	-1.2000       
238		dif_238	-4.0600       	-0.7000       	5.7000e+00    	-1.2000       
239		dif_239	-4.0600       	-0.7000       	6.5000e+00    	-1.2000       
240		dif_240	-4.0600       	-0.7000       	2.5000e+00    	-0.6000       
241		dif_241	-4.0600       	-0.7000       	3.3000e+00    	-0.6000       
242		dif_242	-4.0600       	-0.7000       	4.1000e+00    	-0.6000       
243		dif_243	-4.0600       	-0.7000       	4.9000e+00    	-0.6000       
244		dif_244	-4.0600       	-0.7000       	5.7000e+00    	-0.6000       
245		dif_245	-4.0600       	-0.7000       	6.5000e+00    	-0.6000       
246		dif_246	-4.0600       	-0.7000       	2.5000e+00    	0.0000        
247		dif_247	-4.0600       	-0.7000       	3.3000e+00    	0.0000        
248		dif_248	-4.0600       	-0.7000       	4.1000e+00    	0.0000        
249		dif_249	-4.0600       	-0.7000       	4.9000e+00    	0.0000        
250		dif_250	-4.0600       	-0.7000       	5.7000e+00    	0.0000        
251		dif_251	-4.0600       	-0.7000       	6.5000e+00    	0.0000        
252		dif_252	-4.0600       	-0.4000       	2.5000e+00    	-3.0000       
253		dif_253	-4.0600       	-0.4000       	3.3000e+00    	-3.0000       
254		dif_254	-4.0600       	-0.4000       	4.1000e+00    	-3.0000       
255		dif_255	-4.0600       	-0.4000       	4.9000e+00    	-3.0000       
256		dif_256	-4.0600       	-0.4000       	5.7000e+00    	-3.0000       
257		dif_257	-4.0600       	-0.4000       	6.5000e+00    	-3.0000       
258		dif_258	-4.0600       	-0.4000       	2.5000e+00    	-2.4000       
259		dif_259	-4.0600       	-0.4000       	3.3000e+00    	-2.4000       
260		dif_260	-4.0600       	-0.4000       	4.1000e+00    	-2.4000       
261		dif_261	-4.0600       	-0.4000       	4.9000e+00    	-2.4000       
262		dif_262	-4.0600       	-0.4000       	5.7000e+00    	-2.4000       
263		dif_263	-4.0600       	-0.4000       	6.5000e+00    	-2.4000       
264		dif_264	-4.0600       	-0.4000       	2.5000e+00    	-1.8000       
265		dif_265	-4.0600       	-0.4000       	3.3000e+00    	-1.8000       
266		dif_266	-4.0600       	-0.4000       	4.1000e+00    	-1.8000       
267		dif_267	-4.0600       	-0.4000       	4.9000e+00    	-1.8000       
268		dif_268	-4.0600       	-0.4000       	5.7000e+00    	-1.8000       
269		dif_269	-4.0600       	-0.4000       	6.5000e+00    	-1.8000       
270		dif_270	-4.0600       	-0.4000       	2.5000e+00    	-1.2000       
271		dif_271	-4.0600       	-0.4000       	3.3000e+00    	-1.2000       
272		dif_272	-4.0600       	-0.4000       	4.1000e+00    	-1.2000       
273		dif_273	-4.0600       	-0.4000       	4.9000e+00    	-1.2000       
274		dif_274	-4.0600       	-0.4000       	5.7000e+00    	-1.2000       
275		dif_275	-4.0600       	-0.4000       	6.5000e+00    	-1.2000       
276		dif_276	-4.0600       	-0.4000       	2.5000e+00    	-0.6000       
277		dif_277	-4.0600       	-0.4000       	3.3000e+00    	-0.6000       
278		dif_278	-4.0600       	-0.4000       	4.1000e+00    	-0.6000       
279		dif_279	-4.0600       	-0.4000       	4.9000e+00    	-0.6000       
280		dif_280	-4.0600       	-0.4000       	5.7000e+00    	-0.6000       
281		dif_281	-4.0600       	-0.4000       	6.5000e+00    	-0.6000       
282		dif_282	-4.0600       	-0.4000       	2.5000e+00    	0.0000        
283		dif_283	-4.0600       	-0.4000       	3.3000e+00    	0.0000        
284		dif_284	-4.0600       	-0.4000       	4.1000e+00    	0.0000        
285		dif_285	-4.0600       	-0.4000       	4.9000e+00    	0.0000        
286		dif_286	-4.0600       	-0.4000       	5.7000e+00    	0.0000        
287		dif_287	-4.0600       	-0.4000       	6.5000e+00    	0.0000        
288		dif_288	-4.0600       	-0.1000       	2.5000e+00    	-3.0000       
289		dif_289	-4.0600       	-0.1000       	3.3000e+00    	-3.0000       
290		dif_290	-4.0600       	-0.1000       	4.1000e+00    	-3.0000       
291		dif_291	-4.0600       	-0.1000       	4.9000e+00    	-3.0000       
292		dif_292	-4.0600       	-0.1000       	5.7000e+00    	-3.0000       
293		dif_293	-4.0600       	-0.1000       	6.5000e+00    	-3.0000       
294		dif_294	-4.0600       	-0.1000       	2.5000e+00    	-2.4000       
295		dif_295	-4.0600       	-0.1000       	3.3000e+00    	-2.4000       
296		dif_296	-4.0600       	-0.1000       	4.1000e+00    	-2.4000       
297		dif_297	-4.0600       	-0.1000       	4.9000e+00    	-2.4000       
298		dif_298	-4.0600       	-0.1000       	5.7000e+00    	-2.4000       
299		dif_299	-4.0600       	-0.1000       	6.5000e+00    	-2.4000       
300		dif_300	-4.0600       	-0.1000       	2.5000e+00    	-1.8000       
301		dif_301	-4.0600       	-0.1000       	3.3000e+00    	-1.8000       
302		dif_302	-4.0600       	-0.1000       	4.1000e+00    	-1.8000       
303		dif_303	-4.0600       	-0.1000       	4.9000e+00    	-1.8000       
304		dif_304	-4.0600       	-0.1000       	5.7000e+00    	-1.8000       
305		dif_305	-4.0600       	-0.1000       	6.5000e+00    	-1.8000       
306		dif_306	-4.0600       	-0.1000       	2.5000e+00    	-1.2000       
307		dif_307	-4.0600       	-0.1000       	3.3000e+00    	-1.2000       
308		dif_308	-4.0600       	-0.1000       	4.1000e+00    	-1.2000       
309		dif_309	-4.0600       	-0.1000       	4.9000e+00    	-1.2000       
310		dif_310	-4.0600       	-0.1000       	5.7000e+00    	-1.2000       
311		dif_311	-4.0600       	-0.1000       	6.5000e+00    	-1.2000       
312		dif_312	-4.0600       	-0.1000       	2.5000e+00    	-0.6000       
313		dif_313	-4.0600       	-0.1000       	3.3000e+00    	-0.6000       
314		dif_314	-4.0600       	-0.1000       	4.1000e+00    	-0.6000       
315		dif_315	-4.0600       	-0.1000       	4.9000e+00    	-0.6000       
316		dif_316	-4.0600       	-0.1000       	5.7000e+00    	-0.6000       
317		dif_317	-4.0600       	-0.1000       	6.5000e+00    	-0.6000       
318		dif_318	-4.0600       	-0.1000       	2.5000e+00    	0.0000        
319		dif_319	-4.0600       	-0.1000       	3.3000e+00    	0.0000        
320		dif_320	-4.0600       	-0.1000       	4.1000e+00    	0.0000        
321		dif_321	-4.0600       	-0.1000       	4.9000e+00    	0.0000        
322		dif_322	-4.0600       	-0.1000       	5.7000e+00    	0.0000        
323		dif_323	-4.0600       	-0.1000       	6.5000e+00    	0.0000        
324		dif_324	-4.0600       	0.2000        	2.5000e+00    	-3.0000       
325		dif_325	-4.0600       	0.2000        	3.3000e+00    	-3.0000       
326		dif_326	-4.0600       	0.2000        	4.1000e+00    	-3.0000       
327		dif_327	-4.0600       	0.2000        	4.9000e+00    	-3.0000       
328		dif_328	-4.0600       	0.2000        	5.7000e+00    	-3.0000       
329		dif_329	-4.0600       	0.2000        	6.5000e+00    	-3.0000       
330		dif_330	-4.0600       	0.2000        	2.5000e+00    	-2.4000       
331		dif_331	-4.0600       	0.2000        	3.3000e+00    	-2.4000       
332		dif_332	-4.0600       	0.2000        	4.1000e+00    	-2.4000       
333		dif_333	-4.0600       	0.2000        	4.9000e+00    	-2.4000       
334		dif_334	-4.0600       	0.2000        	5.7000e+00    	-2.4000       
335		dif_335	-4.0600       	0.2000        	6.5000e+00    	-2.4000       
336		dif_336	-4.0600       	0.2000        	2.5000e+00    	-1.8000       
337		dif_337	-4.0600       	0.2000        	3.3000e+00    	-1.8000       
338		dif_338	-4.0600       	0.2000        	4.1000e+00    	-1.8000       
339		dif_339	-4.0600       	0.2000        	4.9000e+00    	-1.8000       
340		dif_340	-4.0600       	0.2000        	5.7000e+00    	-1.8000       
341		dif_341	-4.0600       	0.2000        	6.5000e+00    	-1.8000       
342		dif_342	-4.0600       	0.2000        	2.5000e+00    	-1.2000       
343		dif_343	-4.0600       	0.2000        	3.3000e+00    	-1.2000       
344		dif_344	-4.0600       	0.2000        	4.1000e+00    	-1.2000       
345		dif_345	-4.0600       	0.2000        	4.9000e+00    	-1.2000       
346		dif_346	-4.0600       	0.2000        	5.7000e+00    	-1.2000       
347		dif_347	-4.0600       	0.2000        	6.5000e+00    	-1.2000       
348		dif_348	-4.0600       	0.2000        	2.5000e+00    	-0.6000       
349		dif_349	-4.0600       	0.2000        	3.3000e+00    	-0.6000       
350		dif_350	-4.0600       	0.2000        	4.1000e+00    	-0.6000       
351		dif_351	-4.0600       	0.2000        	4.9000e+00    	-0.6000       
352		dif_352	-4.0600       	0.2000        	5.7000e+00    	-0.6000       
353		dif_353	-4.0600       	0.2000        	6.5000e+00    	-0.6000       
354		dif_354	-4.0600       	0.2000        	2.5000e+00    	0.0000        
355		dif_355	-4.0600       	0.2000        	3.3000e+00    	0.0000        
356		dif_356	-4.0600       	0.2000        	4.1000e+00    	0.0000        
357		dif_357	-4.0600       	0.2000        	4.9000e+00    	0.0000        
358		dif_358	-4.0600       	0.2000        	5.7000e+00    	0.0000        
359		dif_359	-4.0600       	0.2000        	6.5000e+00    	0.0000        
360		dif_360	-4.0600       	0.5000        	2.5000e+00    	-3.0000       
361		dif_361	-4.0600       	0.5000        	3.3000e+00    	-3.0000       
362		dif_362	-4.0600       	0.5000        	4.1000e+00    	-3.0000       
363		dif_363	-4.0600       	0.5000        	4.9000e+00    	-3.0000       
364		dif_364	-4.0600       	0.5000        	5.7000e+00    	-3.0000       
365		dif_365	-4.0600       	0.5000        	6.5000e+00    	-3.0000       
366		dif_366	-4.0600       	0.5000        	2.5000e+00    	-2.4000       
367		dif_367	-4.0600       	0.5000        	3.3000e+00    	-2.4000       
368		dif_368	-4.0600       	0.5000        	4.1000e+00    	-2.4000       
369		dif_369	-4.0600       	0.5000        	4.9000e+00    	-2.4000       
370		dif_370	-4.0600       	0.5000        	5.7000e+00    	-2.4000       
371		dif_371	-4.0600       	0.5000        	6.5000e+00    	-2.4000       
372		dif_372	-4.0600       	0.5000        	2.5000e+00    	-1.8000       
373		dif_373	-4.0600       	0.5000        	3.3000e+00    	-1.8000       
374		dif_374	-4.0600       	0.5000        	4.1000e+00    	-1.8000       
375		dif_375	-4.0600       	0.5000        	4.9000e+00    	-1.8000       
376		dif_376	-4.0600       	0.5000        	5.7000e+00    	-1.8000       
377		dif_377	-4.0600       	0.5000        	6.5000e+00    	-1.8000       
378		dif_378	-4.0600       	0.5000        	2.5000e+00    	-1.2000       
379		dif_379	-4.0600       	0.5000        	3.3000e+00    	-1.2000       
380		dif_380	-4.0600       	0.5000        	4.1000e+00    	-1.2000       
381		dif_381	-4.0600       	0.5000        	4.9000e+00    	-1.2000       
382		dif_382	-4.0600       	0.5000        	5.7000e+00    	-1.2000       
383		dif_383	-4.0600       	0.5000        	6.5000e+00    	-1.2000       
384		dif_384	-4.0600       	0.5000        	2.5000e+00    	-0.6000       
385		dif_385	-4.0600       	0.5000        	3.3000e+00    	-0.6000       
386		dif_386	-4.0600       	0.5000        	4.1000e+00    	-0.6000       
387		dif_387	-4.0600       	0.5000        	4.9000e+00    	-0.6000       
388		dif_388	-4.0600       	0.5000        	5.7000e+00    	-0.6000       
389		dif_389	-4.0600       	0.5000        	6.5000e+00    	-0.6000       
390		dif_390	-4.0600       	0.5000        	2.5000e+00    	0.0000        
391		dif_391	-4.0600       	0.5000        	3.3000e+00    	0.0000        
392		dif_392	-4.0600       	0.5000        	4.1000e+00    	0.0000        
393		dif_393	-4.0600       	0.5000        	4.9000e+00    	0.0000        
394		dif_394	-4.0600       	0.5000        	5.7000e+00    	0.0000        
395		dif_395	-4.0600       	0.5000        	6.5000e+00    	0.0000        
396		dif_396	-4.0600       	0.8000        	2.5000e+00    	-3.0000       
397		dif_397	-4.0600       	0.8000        	3.3000e+00    	-3.0000       
398		dif_398	-4.0600       	0.8000        	4.1000e+00    	-3.0000       
399		dif_399	-4.0600       	0.8000        	4.9000e+00    	-3.0000       
400		dif_400	-4.0600       	0.8000        	5.7000e+00    	-3.0000       
401		dif_401	-4.0600       	0.8000        	6.5000e+00    	-3.0000       
402		dif_402	-4.0600       	0.8000        	2.5000e+00    	-2.4000       
403		dif_403	-4.0600       	0.8000        	3.3000e+00    	-2.4000       
404		dif_404	-4.0600       	0.8000        	4.1000e+00    	-2.4000       
405		dif_405	-4.0600       	0.8000        	4.9000e+00    	-2.4000       
406		dif_406	-4.0600       	0.8000        	5.7000e+00    	-2.4000       
407		dif_407	-4.0600       	0.8000        	6.5000e+00    	-2.4000       
408		dif_408	-4.0600       	0.8000        	2.5000e+00    	-1.8000       
409		dif_409	-4.0600       	0.8000        	3.3000e+00    	-1.8000       
410		dif_410	-4.0600       	0.8000        	4.1000e+00    	-1.8000       
411		dif_411	-4.0600       	0.8000        	4.9000e+00    	-1.8000       
412		dif_412	-4.0600       	0.8000        	5.7000e+00    	-1.8000       
413		dif_413	-4.0600       	0.8000        	6.5000e+00    	-1.8000       
414		dif_414	-4.0600       	0.8000        	2.5000e+00    	-1.2000       
415		dif_415	-4.0600       	0.8000        	3.3000e+00    	-1.2000       
416		dif_416	-4.0600       	0.8000        	4.1000e+00    	-1.2000       
417		dif_417	-4.0600       	0.8000        	4.9000e+00    	-1.2000       
418		dif_418	-4.0600       	0.8000        	5.7000e+00    	-1.2000       
419		dif_419	-4.0600       	0.8000        	6.5000e+00    	-1.2000       
420		dif_420	-4.0600       	0.8000        	2.5000e+00    	-0.6000       
421		dif_421	-4.0600       	0.8000        	3.3000e+00    	-0.6000       
422		dif_422	-4.0600       	0.8000        	4.1000e+00    	-0.6000       
423		dif_423	-4.0600       	0.8000        	4.9000e+00    	-0.6000       
424		dif_424	-4.0600       	0.8000        	5.7000e+00    	-0.6000       
425		dif_425	-4.0600       	0.8000        	6.5000e+00    	-0.6000       
426		dif_426	-4.0600       	0.8000        	2.5000e+00    	0.0000        
427		dif_427	-4.0600       	0.8000        	3.3000e+00    	0.0000        
428		dif_428	-4.0600       	0.8000        	4.1000e+00    	0.0000        
429		dif_429	-4.0600       	0.8000        	4.9000e+00    	0.0000        
430		dif_430	-4.0600       	0.8000        	5.7000e+00    	0.0000        
431		dif_431	-4.0600       	0.8000        	6.5000e+00    	0.0000        
432		dif_432	-3.1200       	-0.7000       	2.5000e+00    	-3.0000       
433		dif_433	-3.1200       	-0.7000       	3.3000e+00    	-3.0000       
434		dif_434	-3.1200       	-0.7000       	4.1000e+00    	-3.0000       
435		dif_435	-3.1200       	-0.7000       	4.9000e+00    	-3.0000       
436		dif_436	-3.1200       	-0.7000       	5.7000e+00    	-3.0000       
437		dif_437	-3.1200       	-0.7000       	6.5000e+00    	-3.0000       
438		dif_438	-3.1200       	-0.7000       	2.5000e+00    	-2.4000       
439		dif_439	-3.1200       	-0.7000       	3.3000e+00    	-2.4000       
440		dif_440	-3.1200       	-0.7000       	4.1000e+00    	-2.4000       
441		dif_441	-3.1200       	-0.7000       	4.9000e+00    	-2.4000       
442		dif_442	-3.1200       	-0.7000       	5.7000e+00    	-2.4000       
443		dif_443	-3.1200       	-0.7000       	6.5000e+00    	-2.4000       
444		dif_444	-3.1200       	-0.7000       	2.5000e+00    	-1.8000       
445		dif_445	-3.1200       	-0.7000       	3.3000e+00    	-1.8000       
446		dif_446	-3.1200       	-0.7000       	4.1000e+00    	-1.8000       
447		dif_447	-3.1200       	-0.7000       	4.9000e+00    	-1.8000       
448		dif_448	-3.1200       	-0.7000       	5.7000e+00    	-1.8000       
449		dif_449	-3.1200       	-0.7000       	6.5000e+00    	-1.8000       
450		dif_450	-3.1200       	-0.7000       	2.5000e+00    	-1.2000       
451		dif_451	-3.1200       	-0.7000       	3.3000e+00    	-1.2000       
452		dif_452	-3.1200       	-0.7000       	4.1000e+00    	-1.2000       
453		dif_453	-3.1200       	-0.7000       	4.9000e+00    	-1.2000       
454		dif_454	-3.1200       	-0.7000       	5.7000e+00    	-1.2000       
455		dif_455	-3.1200       	-0.7000       	6.5000e+00    	-1.2000       
456		dif_456	-3.1200       	-0.7000       	2.5000e+00    	-0.6000       
457		dif_457	-3.1200       	-0.7000       	3.3000e+00    	-0.6000       
458		dif_458	-3.1200       	-0.7000       	4.1000e+00    	-0.6000       
459		dif_459	-3.1200       	-0.7000       	4.9000e+00    	-0.6000       
460		dif_460	-3.1200       	-0.7000       	5.7000e+00    	-0.6000       
461		dif_461	-3.1200       	-0.7000       	6.5000e+00    	-0.6000       
462		dif_462	-3.1200       	-0.7000       	2.5000e+00    	0.0000        
463		dif_463	-3.1200       	-0.7000       	3.3000e+00    	0.0000        
464		dif_464	-3.1200       	-0.7000       	4.1000e+00    	0.0000        
465		dif_465	-3.1200       	-0.7000       	4.9000e+00    	0.0000        
466		dif_466	-3.1200       	-0.7000       	5.7000e+00    	0.0000        
467		dif_467	-3.1200       	-0.7000       	6.5000e+00    	0.0000        
468		dif_468	-3.1200       	-0.4000       	2.5000e+00    	-3.0000       
469		dif_469	-3.1200       	-0.4000       	3.3000e+00    	-3.0000       
470		dif_470	-3.1200       	-0.4000       	4.1000e+00    	-3.0000       
471		dif_471	-3.1200       	-0.4000       	4.9000e+00    	-3.0000       
472		dif_472	-3.1200       	-0.4000       	5.7000e+00    	-3.0000       
473		dif_473	-3.1200       	-0.4000       	6.5000e+00    	-3.0000       
474		dif_474	-3.1200       	-0.4000       	2.5000e+00    	-2.4000       
475		dif_475	-3.1200       	-0.4000       	3.3000e+00    	-2.4000       
476		dif_476	-3.1200       	-0.4000       	4.1000e+00    	-2.4000       
477		dif_477	-3.1200       	-0.4000       	4.9000e+00    	-2.4000       
478		dif_478	-3.1200       	-0.4000       	5.7000e+00    	-2.4000       
479		dif_479	-3.1200       	-0.4000       	6.5000e+00    	-2.4000       
480		dif_480	-3.1200       	-0.4000       	2.5000e+00    	-1.8000       
481		dif_481	-3.1200       	-0.4000       	3.3000e+00    	-1.8000       
482		dif_482	-3.1200       	-0.4000       	4.1000e+00    	-1.8000       
483		dif_483	-3.1200       	-0.4000       	4.9000e+00    	-1.8000       
484		dif_484	-3.1200       	-0.4000       	5.7000e+00    	-1.8000       
485		dif_485	-3.1200       	-0.4000       	6.5000e+00    	-1.8000       
486		dif_486	-3.1200       	-0.4000       	2.5000e+00    	-1.2000       
487		dif_487	-3.1200       	-0.4000       	3.3000e+00    	-1.2000       
488		dif_488	-3.1200       	-0.4000       	4.1000e+00    	-1.2000       
489		dif_489	-3.1200       	-0.4000       	4.9000e+00    	-1.2000       
490		dif_490	-3.1200       	-0.4000       	5.7000e+00    	-1.2000       
491		dif_491	-3.1200       	-0.4000       	6.5000e+00    	-1.2000       
492		dif_492	-3.1200       	-0.4000       	2.5000e+00    	-0.6000       
493		dif_493	-3.1200       	-0.4000       	3.3000e+00    	-0.6000       
494		dif_494	-3.1200       	-0.4000       	4.1000e+00    	-0.6000       
495		dif_495	-3.1200       	-0.4000       	4.9000e+00    	-0.6000       
496		dif_496	-3.1200       	-0.4000       	5.7000e+00    	-0.6000       
497		dif_497	-3.1200       	-0.4000       	6.5000e+00    	-0.6000       
498		dif_498	-3.1200       	-0.4000       	2.5000e+00    	0.0000        
499		dif_499	-3.1200       	-0.4000       	3.3000e+00    	0.0000        
500		dif_500	-3.1200       	-0.4000       	4.1000e+00    	0.0000        
501		dif_501	-3.1200       	-0.4000       	4.9000e+00    	0.0000        
502		dif_502	-3.1200       	-0.4000       	5.7000e+00    	0.0000        
503		dif_503	-3.1200       	-0.4000       	6.5000e+00    	0.0000        
504		dif_504	-3.1200       	-0.1000       	2.5000e+00    	-3.0000       
505		dif_505	-3.1200       	-0.1000       	3.3000e+00    	-3.0000       
506		dif_506	-3.1200       	-0.1000       	4.1000e+00    	-3.0000       
507		dif_507	-3.1200       	-0.1000       	4.9000e+00    	-3.0000       
508		dif_508	-3.1200       	-0.1000       	5.7000e+00    	-3.0000       
509		dif_509	-3.1200       	-0.1000       	6.5000e+00    	-3.0000       
510		dif_510	-3.1200       	-0.1000       	2.5000e+00    	-2.4000       
511		dif_511	-3.1200       	-0.1000       	3.3000e+00    	-2.4000       
512		dif_512	-3.1200       	-0.1000       	4.1000e+00    	-2.4000       
513		dif_513	-3.1200       	-0.1000       	4.9000e+00    	-2.4000       
514		dif_514	-3.1200       	-0.1000       	5.7000e+00    	-2.4000       
515		dif_515	-3.1200       	-0.1000       	6.5000e+00    	-2.4000       
516		dif_516	-3.1200       	-0.1000       	2.5000e+00    	-1.8000       
517		dif_517	-3.1200       	-0.1000       	3.3000e+00    	-1.8000       
518		dif_518	-3.1200       	-0.1000       	4.1000e+00    	-1.8000       
519		dif_519	-3.1200       	-0.1000       	4.9000e+00    	-1.8000       
520		dif_520	-3.1200       	-0.1000       	5.7000e+00    	-1.8000       
521		dif_521	-3.1200       	-0.1000       	6.5000e+00    	-1.8000       
522		dif_522	-3.1200       	-0.1000       	2.5000e+00    	-1.2000       
523		dif_523	-3.1200       	-0.1000       	3.3000e+00    	-1.2000       
524		dif_524	-3.1200       	-0.1000       	4.1000e+00    	-1.2000       
525		dif_525	-3.1200       	-0.1000       	4.9000e+00    	-1.2000       
526		dif_526	-3.1200       	-0.1000       	5.7000e+00    	-1.2000       
527		dif_527	-3.1200       	-0.1000       	6.5000e+00    	-1.2000       
528		dif_528	-3.1200       	-0.1000       	2.5000e+00    	-0.6000       
529		dif_529	-3.1200       	-0.1000       	3.3000e+00    	-0.6000       
530		dif_530	-3.1200       	-0.1000       	4.1000e+00    	-0.6000       
531		dif_531	-3.1200       	-0.1000       	4.9000e+00    	-0.6000       
532		dif_532	-3.1200       	-0.1000       	5.7000e+00    	-0.6000       
533		dif_533	-3.1200       	-0.1000       	6.5000e+00    	-0.6000       
534		dif_534	-3.1200       	-0.1000       	2.5000e+00    	0.0000        
535		dif_535	-3.1200       	-0.1000       	3.3000e+00    	0.0000        
536		dif_536	-3.1200       	-0.1000       	4.1000e+00    	0.0000        
537		dif_537	-3.1200       	-0.1000       	4.9000e+00    	0.0000        
538		dif_538	-3.1200       	-0.1000       	5.7000e+00    	0.0000        
539		dif_539	-3.1200       	-0.1000       	6.5000e+00    	0.0000        
540		dif_540	-3.1200       	0.2000        	2.5000e+00    	-3.0000       
541		dif_541	-3.1200       	0.2000        	3.3000e+00    	-3.0000       
542		dif_542	-3.1200       	0.2000        	4.1000e+00    	-3.0000       
543		dif_543	-3.1200       	0.2000        	4.9000e+00    	-3.0000       
544		dif_544	-3.1200       	0.2000        	5.7000e+00    	-3.0000       
545		dif_545	-3.1200       	0.2000        	6.5000e+00    	-3.0000       
546		dif_546	-3.1200       	0.2000        	2.5000e+00    	-2.4000       
547		dif_547	-3.1200       	0.2000        	3.3000e+00    	-2.4000       
548		dif_548	-3.1200       	0.2000        	4.1000e+00    	-2.4000       
549		dif_549	-3.1200       	0.2000        	4.9000e+00    	-2.4000       
550		dif_550	-3.1200       	0.2000        	5.7000e+00    	-2.4000       
551		dif_551	-3.1200       	0.2000        	6.5000e+00    	-2.4000       
552		dif_552	-3.1200       	0.2000        	2.5000e+00    	-1.8000       
553		dif_553	-3.1200       	0.2000        	3.3000e+00    	-1.8000       
554		dif_554	-3.1200       	0.2000        	4.1000e+00    	-1.8000       
555		dif_555	-3.1200       	0.2000        	4.9000e+00    	-1.8000       
556		dif_556	-3.1200       	0.2000        	5.7000e+00    	-1.8000       
557		dif_557	-3.1200       	0.2000        	6.5000e+00    	-1.8000       
558		dif_558	-3.1200       	0.2000        	2.5000e+00    	-1.2000       
559		dif_559	-3.1200       	0.2000        	3.3000e+00    	-1.2000       
560		dif_560	-3.1200       	0.2000        	4.1000e+00    	-1.2000       
561		dif_561	-3.1200       	0.2000        	4.9000e+00    	-1.2000       
562		dif_562	-3.1200       	0.2000        	5.7000e+00    	-1.2000       
563		dif_563	-3.1200       	0.2000        	6.5000e+00    	-1.2000       
564		dif_564	-3.1200       	0.2000        	2.5000e+00    	-0.6000       
565		dif_565	-3.1200       	0.2000        	3.3000e+00    	-0.6000       
566		dif_566	-3.1200       	0.2000        	4.1000e+00    	-0.6000       
567		dif_567	-3.1200       	0.2000        	4.9000e+00    	-0.6000       
568		dif_568	-3.1200       	0.2000        	5.7000e+00    	-0.6000       
569		dif_569	-3.1200       	0.2000        	6.5000e+00    	-0.6000       
570		dif_570	-3.1200       	0.2000        	2.5000e+00    	0.0000        
571		dif_571	-3.1200       	0.2000        	3.3000e+00    	0.0000        
572		dif_572	-3.1200       	0.2000        	4.1000e+00    	0.0000        
573		dif_573	-3.1200       	0.2000        	4.9000e+00    	0.0000        
574		dif_574	-3.1200       	0.2000        	5.7000e+00    	0.0000        
575		dif_575	-3.1200       	0.2000        	6.5000e+00    	0.0000        
576		dif_576	-3.1200       	0.5000        	2.5000e+00    	-3.0000       
577		dif_577	-3.1200       	0.5000        	3.3000e+00    	-3.0000       
578		dif_578	-3.1200       	0.5000        	4.1000e+00    	-3.0000       
579		dif_579	-3.1200       	0.5000        	4.9000e+00    	-3.0000       
580		dif_580	-3.1200       	0.5000        	5.7000e+00    	-3.0000       
581		dif_581	-3.1200       	0.5000        	6.5000e+00    	-3.0000       
582		dif_582	-3.1200       	0.5000        	2.5000e+00    	-2.4000       
583		dif_583	-3.1200       	0.5000        	3.3000e+00    	-2.4000       
584		dif_584	-3.1200       	0.5000        	4.1000e+00    	-2.4000       
585		dif_585	-3.1200       	0.5000        	4.9000e+00    	-2.4000       
586		dif_586	-3.1200       	0.5000        	5.7000e+00    	-2.4000       
587		dif_587	-3.1200       	0.5000        	6.5000e+00    	-2.4000       
588		dif_588	-3.1200       	0.5000        	2.5000e+00    	-1.8000       
589		dif_589	-3.1200       	0.5000        	3.3000e+00    	-1.8000       
590		dif_590	-3.1200       	0.5000        	4.1000e+00    	-1.8000       
591		dif_591	-3.1200       	0.5000        	4.9000e+00    	-1.8000       
592		dif_592	-3.1200       	0.5000        	5.7000e+00    	-1.8000       
593		dif_593	-3.1200       	0.5000        	6.5000e+00    	-1.8000       
594		dif_594	-3.1200       	0.5000        	2.5000e+00    	-1.2000       
595		dif_595	-3.1200       	0.5000        	3.3000e+00    	-1.2000       
596		dif_596	-3.1200       	0.5000        	4.1000e+00    	-1.2000       
597		dif_597	-3.1200       	0.5000        	4.9000e+00    	-1.2000       
598		dif_598	-3.1200       	0.5000        	5.7000e+00    	-1.2000       
599		dif_599	-3.1200       	0.5000        	6.5000e+00    	-1.2000       
600		dif_600	-3.1200       	0.5000        	2.5000e+00    	-0.6000       
601		dif_601	-3.1200       	0.5000        	3.3000e+00    	-0.6000       
602		dif_602	-3.1200       	0.5000        	4.1000e+00    	-0.6000       
603		dif_603	-3.1200       	0.5000        	4.9000e+00    	-0.6000       
604		dif_604	-3.1200       	0.5000        	5.7000e+00    	-0.6000       
605		dif_605	-3.1200       	0.5000        	6.5000e+00    	-0.6000       
606		dif_606	-3.1200       	0.5000        	2.5000e+00    	0.0000        
607		dif_607	-3.1200       	0.5000        	3.3000e+00    	0.0000        
608		dif_608	-3.1200       	0.5000        	4.1000e+00    	0.0000        
609		dif_609	-3.1200       	0.5000        	4.9000e+00    	0.0000        
610		dif_610	-3.1200       	0.5000        	5.7000e+00    	0.0000        
611		dif_611	-3.1200       	0.5000        	6.5000e+00    	0.0000        
612		dif_612	-3.1200       	0.8000        	2.5000e+00    	-3.0000       
613		dif_613	-3.1200       	0.8000        	3.3000e+00    	-3.0000       
614		dif_614	-3.1200       	0.8000        	4.1000e+00    	-3.0000       
615		dif_615	-3.1200       	0.8000        	4.9000e+00    	-3.0000       
616		dif_616	-3.1200       	0.8000        	5.7000e+00    	-3.0000       
617		dif_617	-3.1200       	0.8000        	6.5000e+00    	-3.0000       
618		dif_618	-3.1200       	0.8000        	2.5000e+00    	-2.4000       
619		dif_619	-3.1200       	0.8000        	3.3000e+00    	-2.4000       
620		dif_620	-3.1200       	0.8000        	4.1000e+00    	-2.4000       
621		dif_621	-3.1200       	0.8000        	4.9000e+00    	-2.4000       
622		dif_622	-3.1200       	0.8000        	5.7000e+00    	-2.4000       
623		dif_623	-3.1200       	0.8000        	6.5000e+00    	-2.4000       
624		dif_624	-3.1200       	0.8000        	2.5000e+00    	-1.8000       
625		dif_625	-3.1200       	0.8000        	3.3000e+00    	-1.8000       
626		dif_626	-3.1200       	0.8000        	4.1000e+00    	-1.8000       
627		dif_627	-3.1200       	0.8000        	4.9000e+00    	-1.8000       
628		dif_628	-3.1200       	0.8000        	5.7000e+00    	-1.8000       
629		dif_629	-3.1200       	0.8000        	6.5000e+00    	-1.8000       
630		dif_630	-3.1200       	0.8000        	2.5000e+00    	-1.2000       
631		dif_631	-3.1200       	0.8000        	3.3000e+00    	-1.2000       
632		dif_632	-3.1200       	0.8000        	4.1000e+00    	-1.2000       
633		dif_633	-3.1200       	0.8000        	4.9000e+00    	-1.2000       
634		dif_634	-3.1200       	0.8000        	5.7000e+00    	-1.2000       
635		dif_635	-3.1200       	0.8000        	6.5000e+00    	-1.2000       
636		dif_636	-3.1200       	0.8000        	2.5000e+00    	-0.6000       
637		dif_637	-3.1200       	0.8000        	3.3000e+00    	-0.6000       
638		dif_638	-3.1200       	0.8000        	4.1000e+00    	-0.6000       
639		dif_639	-3.1200       	0.8000        	4.9000e+00    	-0.6000       
640		dif_640	-3.1200       	0.8000        	5.7000e+00    	-0.6000       
641		dif_641	-3.1200       	0.8000        	6.5000e+00    	-0.6000       
642		dif_642	-3.1200       	0.8000        	2.5000e+00    	0.0000        
643		dif_643	-3.1200       	0.8000        	3.3000e+00    	0.0000        
644		dif_644	-3.1200       	0.8000        	4.1000e+00    	0.0000        
645		dif_645	-3.1200       	0.8000        	4.9000e+00    	0.0000        
646		dif_646	-3.1200       	0.8000        	5.7000e+00    	0.0000        
647		dif_647	-3.1200       	0.8000        	6.5000e+00    	0.0000        
648		dif_648	-2.1800       	-0.7000       	2.5000e+00    	-3.0000       
649		dif_649	-2.1800       	-0.7000       	3.3000e+00    	-3.0000       
650		dif_650	-2.1800       	-0.7000       	4.1000e+00    	-3.0000       
651		dif_651	-2.1800       	-0.7000       	4.9000e+00    	-3.0000       
652		dif_652	-2.1800       	-0.7000       	5.7000e+00    	-3.0000       
653		dif_653	-2.1800       	-0.7000       	6.5000e+00    	-3.0000       
654		dif_654	-2.1800       	-0.7000       	2.5000e+00    	-2.4000       
655		dif_655	-2.1800       	-0.7000       	3.3000e+00    	-2.4000       
656		dif_656	-2.1800       	-0.7000       	4.1000e+00    	-2.4000       
657		dif_657	-2.1800       	-0.7000       	4.9000e+00    	-2.4000       
658		dif_658	-2.1800       	-0.7000       	5.7000e+00    	-2.4000       
659		dif_659	-2.1800       	-0.7000       	6.5000e+00    	-2.4000       
660		dif_660	-2.1800       	-0.7000       	2.5000e+00    	-1.8000       
661		dif_661	-2.1800       	-0.7000       	3.3000e+00    	-1.8000       
662		dif_662	-2.1800       	-0.7000       	4.1000e+00    	-1.8000       
663		dif_663	-2.1800       	-0.7000       	4.9000e+00    	-1.8000       
664		dif_664	-2.1800       	-0.7000       	5.7000e+00    	-1.8000       
665		dif_665	-2.1800       	-0.7000       	6.5000e+00    	-1.8000       
666		dif_666	-2.1800       	-0.7000       	2.5000e+00    	-1.2000       
667		dif_667	-2.1800       	-0.7000       	3.3000e+00    	-1.2000       
668		dif_668	-2.1800       	-0.7000       	4.1000e+00    	-1.2000       
669		dif_669	-2.1800       	-0.7000       	4.9000e+00    	-1.2000       
670		dif_670	-2.1800       	-0.7000       	5.7000e+00    	-1.2000       
671		dif_671	-2.1800       	-0.7000       	6.5000e+00    	-1.2000       
672		dif_672	-2.1800       	-0.7000       	2.5000e+00    	-0.6000       
673		dif_673	-2.1800       	-0.7000       	3.3000e+00    	-0.6000       
674		dif_674	-2.1800       	-0.7000       	4.1000e+00    	-0.6000       
675		dif_675	-2.1800       	-0.7000       	4.9000e+00    	-0.6000       
676		dif_676	-2.1800       	-0.7000       	5.7000e+00    	-0.6000       
677		dif_677	-2.1800       	-0.7000       	6.5000e+00    	-0.6000       
678		dif_678	-2.1800       	-0.7000       	2.5000e+00    	0.0000        
679		dif_679	-2.1800       	-0.7000       	3.3000e+00    	0.0000        
680		dif_680	-2.1800       	-0.7000       	4.1000e+00    	0.0000        
681		dif_681	-2.1800       	-0.7000       	4.9000e+00    	0.0000        
682		dif_682	-2.1800       	-0.7000       	5.7000e+00    	0.0000        
683		dif_683	-2.1800       	-0.7000       	6.5000e+00    	0.0000        
684		dif_684	-2.1800       	-0.4000       	2.5000e+00    	-3.0000       
685		dif_685	-2.1800       	-0.4000       	3.3000e+00    	-3.0000       
686		dif_686	-2.1800       	-0.4000       	4.1000e+00    	-3.0000       
687		dif_687	-2.1800       	-0.4000       	4.9000e+00    	-3.0000       
688		dif_688	-2.1800       	-0.4000       	5.7000e+00    	-3.0000       
689		dif_689	-2.1800       	-0.4000       	6.5000e+00    	-3.0000       
690		dif_690	-2.1800       	-0.4000       	2.5000e+00    	-2.4000       
691		dif_691	-2.1800       	-0.4000       	3.3000e+00    	-2.4000       
692		dif_692	-2.1800       	-0.4000       	4.1000e+00    	-2.4000       
693		dif_693	-2.1800       	-0.4000       	4.9000e+00    	-2.4000       
694		dif_694	-2.1800       	-0.4000       	5.7000e+00    	-2.4000       
695		dif_695	-2.1800       	-0.4000       	6.5000e+00    	-2.4000       
696		dif_696	-2.1800       	-0.4000       	2.5000e+00    	-1.8000       
697		dif_697	-2.1800       	-0.4000       	3.3000e+00    	-1.8000       
698		dif_698	-2.1800       	-0.4000       	4.1000e+00    	-1.8000       
699		dif_699	-2.1800       	-0.4000       	4.9000e+00    	-1.8000       
700		dif_700	-2.1800       	-0.4000       	5.7000e+00    	-1.8000       
701		dif_701	-2.1800       	-0.4000       	6.5000e+00    	-1.8000       
702		dif_702	-2.1800       	-0.4000       	2.5000e+00    	-1.2000       
703		dif_703	-2.1800       	-0.4000       	3.3000e+00    	-1.2000       
704		dif_704	-2.1800       	-0.4000       	4.1000e+00    	-1.2000       
705		dif_705	-2.1800       	-0.4000       	4.9000e+00    	-1.2000       
706		dif_706	-2.1800       	-0.4000       	5.7000e+00    	-1.2000       
707		dif_707	-2.1800       	-0.4000       	6.5000e+00    	-1.2000       
708		dif_708	-2.1800       	-0.4000       	2.5000e+00    	-0.6000       
709		dif_709	-2.1800       	-0.4000       	3.3000e+00    	-0.6000       
710		dif_710	-2.1800       	-0.4000       	4.1000e+00    	-0.6000       
711		dif_711	-2.1800       	-0.4000       	4.9000e+00    	-0.6000       
712		dif_712	-2.1800       	-0.4000       	5.7000e+00    	-0.6000       
713		dif_713	-2.1800       	-0.4000       	6.5000e+00    	-0.6000       
714		dif_714	-2.1800       	-0.4000       	2.5000e+00    	0.0000        
715		dif_715	-2.1800       	-0.4000       	3.3000e+00    	0.0000        
716		dif_716	-2.1800       	-0.4000       	4.1000e+00    	0.0000        
717		dif_717	-2.1800       	-0.4000       	4.9000e+00    	0.0000        
718		dif_718	-2.1800       	-0.4000       	5.7000e+00    	0.0000        
719		dif_719	-2.1800       	-0.4000       	6.5000e+00    	0.0000        
720		dif_720	-2.1800       	-0.1000       	2.5000e+00    	-3.0000       
721		dif_721	-2.1800       	-0.1000       	3.3000e+00    	-3.0000       
722		dif_722	-2.1800       	-0.1000       	4.1000e+00    	-3.0000       
723		dif_723	-2.1800       	-0.1000       	4.9000e+00    	-3.0000       
724		dif_724	-2.1800       	-0.1000       	5.7000e+00    	-3.0000       
725		dif_725	-2.1800       	-0.1000       	6.5000e+00    	-3.0000       
726		dif_726	-2.1800       	-0.1000       	2.5000e+00    	-2.4000       
727		dif_727	-2.1800       	-0.1000       	3.3000e+00    	-2.4000       
728		dif_728	-2.1800       	-0.1000       	4.1000e+00    	-2.4000       
729		dif_729	-2.1800       	-0.1000       	4.9000e+00    	-2.4000       
730		dif_730	-2.1800       	-0.1000       	5.7000e+00    	-2.4000       
731		dif_731	-2.1800       	-0.1000       	6.5000e+00    	-2.4000       
732		dif_732	-2.1800       	-0.1000       	2.5000e+00    	-1.8000       
733		dif_733	-2.1800       	-0.1000       	3.3000e+00    	-1.8000       
734		dif_734	-2.1800       	-0.1000       	4.1000e+00    	-1.8000       
735		dif_735	-2.1800       	-0.1000       	4.9000e+00    	-1.8000       
736		dif_736	-2.1800       	-0.1000       	5.7000e+00    	-1.8000       
737		dif_737	-2.1800       	-0.1000       	6.5000e+00    	-1.8000       
738		dif_738	-2.1800       	-0.1000       	2.5000e+00    	-1.2000       
739		dif_739	-2.1800       	-0.1000       	3.3000e+00    	-1.2000       
740		dif_740	-2.1800       	-0.1000       	4.1000e+00    	-1.2000       
741		dif_741	-2.1800       	-0.1000       	4.9000e+00    	-1.2000       
742		dif_742	-2.1800       	-0.1000       	5.7000e+00    	-1.2000       
743		dif_743	-2.1800       	-0.1000       	6.5000e+00    	-1.2000       
744		dif_744	-2.1800       	-0.1000       	2.5000e+00    	-0.6000       
745		dif_745	-2.1800       	-0.1000       	3.3000e+00    	-0.6000       
746		dif_746	-2.1800       	-0.1000       	4.1000e+00    	-0.6000       
747		dif_747	-2.1800       	-0.1000       	4.9000e+00    	-0.6000       
748		dif_748	-2.1800       	-0.1000       	5.7000e+00    	-0.6000       
749		dif_749	-2.1800       	-0.1000       	6.5000e+00    	-0.6000       
750		dif_750	-2.1800       	-0.1000       	2.5000e+00    	0.0000        
751		dif_751	-2.1800       	-0.1000       	3.3000e+00    	0.0000        
752		dif_752	-2.1800       	-0.1000       	4.1000e+00    	0.0000        
753		dif_753	-2.1800       	-0.1000       	4.9000e+00    	0.0000        
754		dif_754	-2.1800       	-0.1000       	5.7000e+00    	0.0000        
755		dif_755	-2.1800       	-0.1000       	6.5000e+00    	0.0000        
756		dif_756	-2.1800       	0.2000        	2.5000e+00    	-3.0000       
757		dif_757	-2.1800       	0.2000        	3.3000e+00    	-3.0000       
758		dif_758	-2.1800       	0.2000        	4.1000e+00    	-3.0000       
759		dif_759	-2.1800       	0.2000        	4.9000e+00    	-3.0000       
760		dif_760	-2.1800       	0.2000        	5.7000e+00    	-3.0000       
761		dif_761	-2.1800       	0.2000        	6.5000e+00    	-3.0000       
762		dif_762	-2.1800       	0.2000        	2.5000e+00    	-2.4000       
763		dif_763	-2.1800       	0.2000        	3.3000e+00    	-2.4000       
764		dif_764	-2.1800       	0.2000        	4.1000e+00    	-2.4000       
765		dif_765	-2.1800       	0.2000        	4.9000e+00    	-2.4000       
766		dif_766	-2.1800       	0.2000        	5.7000e+00    	-2.4000       
767		dif_767	-2.1800       	0.2000        	6.5000e+00    	-2.4000       
768		dif_768	-2.1800       	0.2000        	2.5000e+00    	-1.8000       
769		dif_769	-2.1800       	0.2000        	3.3000e+00    	-1.8000       
770		dif_770	-2.1800       	0.2000        	4.1000e+00    	-1.8000       
771		dif_771	-2.1800       	0.2000        	4.9000e+00    	-1.8000       
772		dif_772	-2.1800       	0.2000        	5.7000e+00    	-1.8000       
773		dif_773	-2.1800       	0.2000        	6.5000e+00    	-1.8000       
774		dif_774	-2.1800       	0.2000        	2.5000e+00    	-1.2000       
775		dif_775	-2.1800       	0.2000        	3.3000e+00    	-1.2000       
776		dif_776	-2.1800       	0.2000        	4.1000e+00    	-1.2000       
777		dif_777	-2.1800       	0.2000        	4.9000e+00    	-1.2000       
778		dif_778	-2.1800       	0.2000        	5.7000e+00    	-1.2000       
779		dif_779	-2.1800       	0.2000        	6.5000e+00    	-1.2000       
780		dif_780	-2.1800       	0.2000        	2.5000e+00    	-0.6000       
781		dif_781	-2.1800       	0.2000        	3.3000e+00    	-0.6000       
782		dif_782	-2.1800       	0.2000        	4.1000e+00    	-0.6000       
783		dif_783	-2.1800       	0.2000        	4.9000e+00    	-0.6000       
784		dif_784	-2.1800       	0.2000        	5.7000e+00    	-0.6000       
785		dif_785	-2.1800       	0.2000        	6.5000e+00    	-0.6000       
786		dif_786	-2.1800       	0.2000        	2.5000e+00    	0.0000        
787		dif_787	-2.1800       	0.2000        	3.3000e+00    	0.0000        
788		dif_788	-2.1800       	0.2000        	4.1000e+00    	0.0000        
789		dif_789	-2.1800       	0.2000        	4.9000e+00    	0.0000        
790		dif_790	-2.1800       	0.2000        	5.7000e+00    	0.0000        
791		dif_791	-2.1800       	0.2000        	6.5000e+00    	0.0000        
792		dif_792	-2.1800       	0.5000        	2.5000e+00    	-3.0000       
793		dif_793	-2.1800       	0.5000        	3.3000e+00    	-3.0000       
794		dif_794	-2.1800       	0.5000        	4.1000e+00    	-3.0000       
795		dif_795	-2.1800       	0.5000        	4.9000e+00    	-3.0000       
796		dif_796	-2.1800       	0.5000        	5.7000e+00    	-3.0000       
797		dif_797	-2.1800       	0.5000        	6.5000e+00    	-3.0000       
798		dif_798	-2.1800       	0.5000        	2.5000e+00    	-2.4000       
799		dif_799	-2.1800       	0.5000        	3.3000e+00    	-2.4000       
800		dif_800	-2.1800       	0.5000        	4.1000e+00    	-2.4000       
801		dif_801	-2.1800       	0.5000        	4.9000e+00    	-2.4000       
802		dif_802	-2.1800       	0.5000        	5.7000e+00    	-2.4000       
803		dif_803	-2.1800       	0.5000        	6.5000e+00    	-2.4000       
804		dif_804	-2.1800       	0.5000        	2.5000e+00    	-1.8000       
805		dif_805	-2.1800       	0.5000        	3.3000e+00    	-1.8000       
806		dif_806	-2.1800       	0.5000        	4.1000e+00    	-1.8000       
807		dif_807	-2.1800       	0.5000        	4.9000e+00    	-1.8000       
808		dif_808	-2.1800       	0.5000        	5.7000e+00    	-1.8000       
809		dif_809	-2.1800       	0.5000        	6.5000e+00    	-1.8000       
810		dif_810	-2.1800       	0.5000        	2.5000e+00    	-1.2000       
811		dif_811	-2.1800       	0.5000        	3.3000e+00    	-1.2000       
812		dif_812	-2.1800       	0.5000        	4.1000e+00    	-1.2000       
813		dif_813	-2.1800       	0.5000        	4.9000e+00    	-1.2000       
814		dif_814	-2.1800       	0.5000        	5.7000e+00    	-1.2000       
815		dif_815	-2.1800       	0.5000        	6.5000e+00    	-1.2000       
816		dif_816	-2.1800       	0.5000        	2.5000e+00    	-0.6000       
817		dif_817	-2.1800       	0.5000        	3.3000e+00    	-0.6000       
818		dif_818	-2.1800       	0.5000        	4.1000e+00    	-0.6000       
819		dif_819	-2.1800       	0.5000        	4.9000e+00    	-0.6000       
820		dif_820	-2.1800       	0.5000        	5.7000e+00    	-0.6000       
821		dif_821	-2.1800       	0.5000        	6.5000e+00    	-0.6000       
822		dif_822	-2.1800       	0.5000        	2.5000e+00    	0.0000        
823		dif_823	-2.1800       	0.5000        	3.3000e+00    	0.0000        
824		dif_824	-2.1800       	0.5000        	4.1000e+00    	0.0000        
825		dif_825	-2.1800       	0.5000        	4.9000e+00    	0.0000        
826		dif_826	-2.1800       	0.5000        	5.7000e+00    	0.0000        
827		dif_827	-2.1800       	0.5000        	6.5000e+00    	0.0000        
828		dif_828	-2.1800       	0.8000        	2.5000e+00    	-3.0000       
829		dif_829	-2.1800       	0.8000        	3.3000e+00    	-3.0000       
830		dif_830	-2.1800       	0.8000        	4.1000e+00    	-3.0000       
831		dif_831	-2.1800       	0.8000        	4.9000e+00    	-3.0000       
832		dif_832	-2.1800       	0.8000        	5.7000e+00    	-3.0000       
833		dif_833	-2.1800       	0.8000        	6.5000e+00    	-3.0000       
834		dif_834	-2.1800       	0.8000        	2.5000e+00    	-2.4000       
835		dif_835	-2.1800       	0.8000        	3.3000e+00    	-2.4000       
836		dif_836	-2.1800       	0.8000        	4.1000e+00    	-2.4000       
837		dif_837	-2.1800       	0.8000        	4.9000e+00    	-2.4000       
838		dif_838	-2.1800       	0.8000        	5.7000e+00    	-2.4000       
839		dif_839	-2.1800       	0.8000        	6.5000e+00    	-2.4000       
840		dif_840	-2.1800       	0.8000        	2.5000e+00    	-1.8000       
841		dif_841	-2.1800       	0.8000        	3.3000e+00    	-1.8000       
842		dif_842	-2.1800       	0.8000        	4.1000e+00    	-1.8000       
843		dif_843	-2.1800       	0.8000        	4.9000e+00    	-1.8000       
844		dif_844	-2.1800       	0.8000        	5.7000e+00    	-1.8000       
845		dif_845	-2.1800       	0.8000        	6.5000e+00    	-1.8000       
846		dif_846	-2.1800       	0.8000        	2.5000e+00    	-1.2000       
847		dif_847	-2.1800       	0.8000        	3.3000e+00    	-1.2000       
848		dif_848	-2.1800       	0.8000        	4.1000e+00    	-1.2000       
849		dif_849	-2.1800       	0.8000        	4.9000e+00    	-1.2000       
850		dif_850	-2.1800       	0.8000        	5.7000e+00    	-1.2000       
851		dif_851	-2.1800       	0.8000        	6.5000e+00    	-1.2000       
852		dif_852	-2.1800       	0.8000        	2.5000e+00    	-0.6000       
853		dif_853	-2.1800       	0.8000        	3.3000e+00    	-0.6000       
854		dif_854	-2.1800       	0.8000        	4.1000e+00    	-0.6000       
855		dif_855	-2.1800       	0.8000        	4.9000e+00    	-0.6000       
856		dif_856	-2.1800       	0.8000        	5.7000e+00    	-0.6000       
857		dif_857	-2.1800       	0.8000        	6.5000e+00    	-0.6000       
858		dif_858	-2.1800       	0.8000        	2.5000e+00    	0.0000        
859		dif_859	-2.1800       	0.8000        	3.3000e+00    	0.0000        
860		dif_860	-2.1800       	0.8000        	4.1000e+00    	0.0000        
861		dif_861	-2.1800       	0.8000        	4.9000e+00    	0.0000        
862		dif_862	-2.1800       	0.8000        	5.7000e+00    	0.0000        
863		dif_863	-2.1800       	0.8000        	6.5000e+00    	0.0000        
864		dif_864	-1.2400       	-0.7000       	2.5000e+00    	-3.0000       
865		dif_865	-1.2400       	-0.7000       	3.3000e+00    	-3.0000       
866		dif_866	-1.2400       	-0.7000       	4.1000e+00    	-3.0000       
867		dif_867	-1.2400       	-0.7000       	4.9000e+00    	-3.0000       
868		dif_868	-1.2400       	-0.7000       	5.7000e+00    	-3.0000       
869		dif_869	-1.2400       	-0.7000       	6.5000e+00    	-3.0000       
870		dif_870	-1.2400       	-0.7000       	2.5000e+00    	-2.4000       
871		dif_871	-1.2400       	-0.7000       	3.3000e+00    	-2.4000       
872		dif_872	-1.2400       	-0.7000       	4.1000e+00    	-2.4000       
873		dif_873	-1.2400       	-0.7000       	4.9000e+00    	-2.4000       
874		dif_874	-1.2400       	-0.7000       	5.7000e+00    	-2.4000       
875		dif_875	-1.2400       	-0.7000       	6.5000e+00    	-2.4000       
876		dif_876	-1.2400       	-0.7000       	2.5000e+00    	-1.8000       
877		dif_877	-1.2400       	-0.7000       	3.3000e+00    	-1.8000       
878		dif_878	-1.2400       	-0.7000       	4.1000e+00    	-1.8000       
879		dif_879	-1.2400       	-0.7000       	4.9000e+00    	-1.8000       
880		dif_880	-1.2400       	-0.7000       	5.7000e+00    	-1.8000       
881		dif_881	-1.2400       	-0.7000       	6.5000e+00    	-1.8000       
882		dif_882	-1.2400       	-0.7000       	2.5000e+00    	-1.2000       
883		dif_883	-1.2400       	-0.7000       	3.3000e+00    	-1.2000       
884		dif_884	-1.2400       	-0.7000       	4.1000e+00    	-1.2000       
885		dif_885	-1.2400       	-0.7000       	4.9000e+00    	-1.2000       
886		dif_886	-1.2400       	-0.7000       	5.7000e+00    	-1.2000       
887		dif_887	-1.2400       	-0.7000       	6.5000e+00    	-1.2000       
888		dif_888	-1.2400       	-0.7000       	2.5000e+00    	-0.6000       
889		dif_889	-1.2400       	-0.7000       	3.3000e+00    	-0.6000       
890		dif_890	-1.2400       	-0.7000       	4.1000e+00    	-0.6000       
891		dif_891	-1.2400       	-0.7000       	4.9000e+00    	-0.6000       
892		dif_892	-1.2400       	-0.7000       	5.7000e+00    	-0.6000       
893		dif_893	-1.2400       	-0.7000       	6.5000e+00    	-0.6000       
894		dif_894	-1.2400       	-0.7000       	2.5000e+00    	0.0000        
895		dif_895	-1.2400       	-0.7000       	3.3000e+00    	0.0000        
896		dif_896	-1.2400       	-0.7000       	4.1000e+00    	0.0000        
897		dif_897	-1.2400       	-0.7000       	4.9000e+00    	0.0000        
898		dif_898	-1.2400       	-0.7000       	5.7000e+00    	0.0000        
899		dif_899	-1.2400       	-0.7000       	6.5000e+00    	0.0000        
900		dif_900	-1.2400       	-0.4000       	2.5000e+00    	-3.0000       
901		dif_901	-1.2400       	-0.4000       	3.3000e+00    	-3.0000       
902		dif_902	-1.2400       	-0.4000       	4.1000e+00    	-3.0000       
903		dif_903	-1.2400       	-0.4000       	4.9000e+00    	-3.0000       
904		dif_904	-1.2400       	-0.4000       	5.7000e+00    	-3.0000       
905		dif_905	-1.2400       	-0.4000       	6.5000e+00    	-3.0000       
906		dif_906	-1.2400       	-0.4000       	2.5000e+00    	-2.4000       
907		dif_907	-1.2400       	-0.4000       	3.3000e+00    	-2.4000       
908		dif_908	-1.2400       	-0.4000       	4.1000e+00    	-2.4000       
909		dif_909	-1.2400       	-0.4000       	4.9000e+00    	-2.4000       
910		dif_910	-1.2400       	-0.4000       	5.7000e+00    	-2.4000       
911		dif_911	-1.2400       	-0.4000       	6.5000e+00    	-2.4000       
912		dif_912	-1.2400       	-0.4000       	2.5000e+00    	-1.8000       
913		dif_913	-1.2400       	-0.4000       	3.3000e+00    	-1.8000       
914		dif_914	-1.2400       	-0.4000       	4.1000e+00    	-1.8000       
915		dif_915	-1.2400       	-0.4000       	4.9000e+00    	-1.8000       
916		dif_916	-1.2400       	-0.4000       	5.7000e+00    	-1.8000       
917		dif_917	-1.2400       	-0.4000       	6.5000e+00    	-1.8000       
918		dif_918	-1.2400       	-0.4000       	2.5000e+00    	-1.2000       
919		dif_919	-1.2400       	-0.4000       	3.3000e+00    	-1.2000       
920		dif_920	-1.2400       	-0.4000       	4.1000e+00    	-1.2000       
921		dif_921	-1.2400       	-0.4000       	4.9000e+00    	-1.2000       
922		dif_922	-1.2400       	-0.4000       	5.7000e+00    	-1.2000       
923		dif_923	-1.2400       	-0.4000       	6.5000e+00    	-1.2000       
924		dif_924	-1.2400       	-0.4000       	2.5000e+00    	-0.6000       
925		dif_925	-1.2400       	-0.4000       	3.3000e+00    	-0.6000       
926		dif_926	-1.2400       	-0.4000       	4.1000e+00    	-0.6000       
927		dif_927	-1.2400       	-0.4000       	4.9000e+00    	-0.6000       
928		dif_928	-1.2400       	-0.4000       	5.7000e+00    	-0.6000       
929		dif_929	-1.2400       	-0.4000       	6.5000e+00    	-0.6000       
930		dif_930	-1.2400       	-0.4000       	2.5000e+00    	0.0000        
931		dif_931	-1.2400       	-0.4000       	3.3000e+00    	0.0000        
932		dif_932	-1.2400       	-0.4000       	4.1000e+00    	0.0000        
933		dif_933	-1.2400       	-0.4000       	4.9000e+00    	0.0000        
934		dif_934	-1.2400       	-0.4000       	5.7000e+00    	0.0000        
935		dif_935	-1.2400       	-0.4000       	6.5000e+00    	0.0000        
936		dif_936	-1.2400       	-0.1000       	2.5000e+00    	-3.0000       
937		dif_937	-1.2400       	-0.1000       	3.3000e+00    	-3.0000       
938		dif_938	-1.2400       	-0.1000       	4.1000e+00    	-3.0000       
939		dif_939	-1.2400       	-0.1000       	4.9000e+00    	-3.0000       
940		dif_940	-1.2400       	-0.1000       	5.7000e+00    	-3.0000       
941		dif_941	-1.2400       	-0.1000       	6.5000e+00    	-3.0000       
942		dif_942	-1.2400       	-0.1000       	2.5000e+00    	-2.4000       
943		dif_943	-1.2400       	-0.1000       	3.3000e+00    	-2.4000       
944		dif_944	-1.2400       	-0.1000       	4.1000e+00    	-2.4000       
945		dif_945	-1.2400       	-0.1000       	4.9000e+00    	-2.4000       
946		dif_946	-1.2400       	-0.1000       	5.7000e+00    	-2.4000       
947		dif_947	-1.2400       	-0.1000       	6.5000e+00    	-2.4000       
948		dif_948	-1.2400       	-0.1000       	2.5000e+00    	-1.8000       
949		dif_949	-1.2400       	-0.1000       	3.3000e+00    	-1.8000       
950		dif_950	-1.2400       	-0.1000       	4.1000e+00    	-1.8000       
951		dif_951	-1.2400       	-0.1000       	4.9000e+00    	-1.8000       
952		dif_952	-1.2400       	-0.1000       	5.7000e+00    	-1.8000       
953		dif_953	-1.2400       	-0.1000       	6.5000e+00    	-1.8000       
954		dif_954	-1.2400       	-0.1000       	2.5000e+00    	-1.2000       
955		dif_955	-1.2400       	-0.1000       	3.3000e+00    	-1.2000       
956		dif_956	-1.2400       	-0.1000       	4.1000e+00    	-1.2000       
957		dif_957	-1.2400       	-0.1000       	4.9000e+00    	-1.2000       
958		dif_958	-1.2400       	-0.1000       	5.7000e+00    	-1.2000       
959		dif_959	-1.2400       	-0.1000       	6.5000e+00    	-1.2000       
960		dif_960	-1.2400       	-0.1000       	2.5000e+00    	-0.6000       
961		dif_961	-1.2400       	-0.1000       	3.3000e+00    	-0.6000       
962		dif_962	-1.2400       	-0.1000       	4.1000e+00    	-0.6000       
963		dif_963	-1.2400       	-0.1000       	4.9000e+00    	-0.6000       
964		dif_964	-1.2400       	-0.1000       	5.7000e+00    	-0.6000       
965		dif_965	-1.2400       	-0.1000       	6.5000e+00    	-0.6000       
966		dif_966	-1.2400       	-0.1000       	2.5000e+00    	0.0000        
967		dif_967	-1.2400       	-0.1000       	3.3000e+00    	0.0000        
968		dif_968	-1.2400       	-0.1000       	4.1000e+00    	0.0000        
969		dif_969	-1.2400       	-0.1000       	4.9000e+00    	0.0000        
970		dif_970	-1.2400       	-0.1000       	5.7000e+00    	0.0000        
971		dif_971	-1.2400       	-0.1000       	6.5000e+00    	0.0000        
972		dif_972	-1.2400       	0.2000        	2.5000e+00    	-3.0000       
973		dif_973	-1.2400       	0.2000        	3.3000e+00    	-3.0000       
974		dif_974	-1.2400       	0.2000        	4.1000e+00    	-3.0000       
975		dif_975	-1.2400       	0.2000        	4.9000e+00    	-3.0000       
976		dif_976	-1.2400       	0.2000        	5.7000e+00    	-3.0000       
977		dif_977	-1.2400       	0.2000        	6.5000e+00    	-3.0000       
978		dif_978	-1.2400       	0.2000        	2.5000e+00    	-2.4000       
979		dif_979	-1.2400       	0.2000        	3.3000e+00    	-2.4000       
980		dif_980	-1.2400       	0.2000        	4.1000e+00    	-2.4000       
981		dif_981	-1.2400       	0.2000        	4.9000e+00    	-2.4000       
982		dif_982	-1.2400       	0.2000        	5.7000e+00    	-2.4000       
983		dif_983	-1.2400       	0.2000        	6.5000e+00    	-2.4000       
984		dif_984	-1.2400       	0.2000        	2.5000e+00    	-1.8000       
985		dif_985	-1.2400       	0.2000        	3.3000e+00    	-1.8000       
986		dif_986	-1.2400       	0.2000        	4.1000e+00    	-1.8000       
987		dif_987	-1.2400       	0.2000        	4.9000e+00    	-1.8000       
988		dif_988	-1.2400       	0.2000        	5.7000e+00    	-1.8000       
989		dif_989	-1.2400       	0.2000        	6.5000e+00    	-1.8000       
990		dif_990	-1.2400       	0.2000        	2.5000e+00    	-1.2000       
991		dif_991	-1.2400       	0.2000        	3.3000e+00    	-1.2000       
992		dif_992	-1.2400       	0.2000        	4.1000e+00    	-1.2000       
993		dif_993	-1.2400       	0.2000        	4.9000e+00    	-1.2000       
994		dif_994	-1.2400       	0.2000        	5.7000e+00    	-1.2000       
995		dif_995	-1.2400       	0.2000        	6.5000e+00    	-1.2000       
996		dif_996	-1.2400       	0.2000        	2.5000e+00    	-0.6000       
997		dif_997	-1.2400       	0.2000        	3.3000e+00    	-0.6000       
998		dif_998	-1.2400       	0.2000        	4.1000e+00    	-0.6000       
999		dif_999	-1.2400       	0.2000        	4.9000e+00    	-0.6000       
1000		dif_1000	-1.2400       	0.2000        	5.7000e+00    	-0.6000       
1001		dif_1001	-1.2400       	0.2000        	6.5000e+00    	-0.6000       
1002		dif_1002	-1.2400       	0.2000        	2.5000e+00    	0.0000        
1003		dif_1003	-1.2400       	0.2000        	3.3000e+00    	0.0000        
1004		dif_1004	-1.2400       	0.2000        	4.1000e+00    	0.0000        
1005		dif_1005	-1.2400       	0.2000        	4.9000e+00    	0.0000        
1006		dif_1006	-1.2400       	0.2000        	5.7000e+00    	0.0000        
1007		dif_1007	-1.2400       	0.2000        	6.5000e+00    	0.0000        
1008		dif_1008	-1.2400       	0.5000        	2.5000e+00    	-3.0000       
1009		dif_1009	-1.2400       	0.5000        	3.3000e+00    	-3.0000       
1010		dif_1010	-1.2400       	0.5000        	4.1000e+00    	-3.0000       
1011		dif_1011	-1.2400       	0.5000        	4.9000e+00    	-3.0000       
1012		dif_1012	-1.2400       	0.5000        	5.7000e+00    	-3.0000       
1013		dif_1013	-1.2400       	0.5000        	6.5000e+00    	-3.0000       
1014		dif_1014	-1.2400       	0.5000        	2.5000e+00    	-2.4000       
1015		dif_1015	-1.2400       	0.5000        	3.3000e+00    	-2.4000       
1016		dif_1016	-1.2400       	0.5000        	4.1000e+00    	-2.4000       
1017		dif_1017	-1.2400       	0.5000        	4.9000e+00    	-2.4000       
1018		dif_1018	-1.2400       	0.5000        	5.7000e+00    	-2.4000       
1019		dif_1019	-1.2400       	0.5000        	6.5000e+00    	-2.4000       
1020		dif_1020	-1.2400       	0.5000        	2.5000e+00    	-1.8000       
1021		dif_1021	-1.2400       	0.5000        	3.3000e+00    	-1.8000       
1022		dif_1022	-1.2400       	0.5000        	4.1000e+00    	-1.8000       
1023		dif_1023	-1.2400       	0.5000        	4.9000e+00    	-1.8000       
1024		dif_1024	-1.2400       	0.5000        	5.7000e+00    	-1.8000       
1025		dif_1025	-1.2400       	0.5000        	6.5000e+00    	-1.8000       
1026		dif_1026	-1.2400       	0.5000        	2.5000e+00    	-1.2000       
1027		dif_1027	-1.2400       	0.5000        	3.3000e+00    	-1.2000       
1028		dif_1028	-1.2400       	0.5000        	4.1000e+00    	-1.2000       
1029		dif_1029	-1.2400       	0.5000        	4.9000e+00    	-1.2000       
1030		dif_1030	-1.2400       	0.5000        	5.7000e+00    	-1.2000       
1031		dif_1031	-1.2400       	0.5000        	6.5000e+00    	-1.2000       
1032		dif_1032	-1.2400       	0.5000        	2.5000e+00    	-0.6000       
1033		dif_1033	-1.2400       	0.5000        	3.3000e+00    	-0.6000       
1034		dif_1034	-1.2400       	0.5000        	4.1000e+00    	-0.6000       
1035		dif_1035	-1.2400       	0.5000        	4.9000e+00    	-0.6000       
1036		dif_1036	-1.2400       	0.5000        	5.7000e+00    	-0.6000       
1037		dif_1037	-1.2400       	0.5000        	6.5000e+00    	-0.6000       
1038		dif_1038	-1.2400       	0.5000        	2.5000e+00    	0.0000        
1039		dif_1039	-1.2400       	0.5000        	3.3000e+00    	0.0000        
1040		dif_1040	-1.2400       	0.5000        	4.1000e+00    	0.0000        
1041		dif_1041	-1.2400       	0.5000        	4.9000e+00    	0.0000        
1042		dif_1042	-1.2400       	0.5000        	5.7000e+00    	0.0000        
1043		dif_1043	-1.2400       	0.5000        	6.5000e+00    	0.0000        
1044		dif_1044	-1.2400       	0.8000        	2.5000e+00    	-3.0000       
1045		dif_1045	-1.2400       	0.8000        	3.3000e+00    	-3.0000       
1046		dif_1046	-1.2400       	0.8000        	4.1000e+00    	-3.0000       
1047		dif_1047	-1.2400       	0.8000        	4.9000e+00    	-3.0000       
1048		dif_1048	-1.2400       	0.8000        	5.7000e+00    	-3.0000       
1049		dif_1049	-1.2400       	0.8000        	6.5000e+00    	-3.0000       
1050		dif_1050	-1.2400       	0.8000        	2.5000e+00    	-2.4000       
1051		dif_1051	-1.2400       	0.8000        	3.3000e+00    	-2.4000       
1052		dif_1052	-1.2400       	0.8000        	4.1000e+00    	-2.4000       
1053		dif_1053	-1.2400       	0.8000        	4.9000e+00    	-2.4000       
1054		dif_1054	-1.2400       	0.8000        	5.7000e+00    	-2.4000       
1055		dif_1055	-1.2400       	0.8000        	6.5000e+00    	-2.4000       
1056		dif_1056	-1.2400       	0.8000        	2.5000e+00    	-1.8000       
1057		dif_1057	-1.2400       	0.8000        	3.3000e+00    	-1.8000       
1058		dif_1058	-1.2400       	0.8000        	4.1000e+00    	-1.8000       
1059		dif_1059	-1.2400       	0.8000        	4.9000e+00    	-1.8000       
1060		dif_1060	-1.2400       	0.8000        	5.7000e+00    	-1.8000       
1061		dif_1061	-1.2400       	0.8000        	6.5000e+00    	-1.8000       
1062		dif_1062	-1.2400       	0.8000        	2.5000e+00    	-1.2000       
1063		dif_1063	-1.2400       	0.8000        	3.3000e+00    	-1.2000       
1064		dif_1064	-1.2400       	0.8000        	4.1000e+00    	-1.2000       
1065		dif_1065	-1.2400       	0.8000        	4.9000e+00    	-1.2000       
1066		dif_1066	-1.2400       	0.8000        	5.7000e+00    	-1.2000       
1067		dif_1067	-1.2400       	0.8000        	6.5000e+00    	-1.2000       
1068		dif_1068	-1.2400       	0.8000        	2.5000e+00    	-0.6000       
1069		dif_1069	-1.2400       	0.8000        	3.3000e+00    	-0.6000       
1070		dif_1070	-1.2400       	0.8000        	4.1000e+00    	-0.6000       
1071		dif_1071	-1.2400       	0.8000        	4.9000e+00    	-0.6000       
1072		dif_1072	-1.2400       	0.8000        	5.7000e+00    	-0.6000       
1073		dif_1073	-1.2400       	0.8000        	6.5000e+00    	-0.6000       
1074		dif_1074	-1.2400       	0.8000        	2.5000e+00    	0.0000        
1075		dif_1075	-1.2400       	0.8000        	3.3000e+00    	0.0000        
1076		dif_1076	-1.2400       	0.8000        	4.1000e+00    	0.0000        
1077		dif_1077	-1.2400       	0.8000        	4.9000e+00    	0.0000        
1078		dif_1078	-1.2400       	0.8000        	5.7000e+00    	0.0000        
1079		dif_1079	-1.2400       	0.8000        	6.5000e+00    	0.0000        
1080		dif_1080	-0.3000       	-0.7000       	2.5000e+00    	-3.0000       
1081		dif_1081	-0.3000       	-0.7000       	3.3000e+00    	-3.0000       
1082		dif_1082	-0.3000       	-0.7000       	4.1000e+00    	-3.0000       
1083		dif_1083	-0.3000       	-0.7000       	4.9000e+00    	-3.0000       
1084		dif_1084	-0.3000       	-0.7000       	5.7000e+00    	-3.0000       
1085		dif_1085	-0.3000       	-0.7000       	6.5000e+00    	-3.0000       
1086		dif_1086	-0.3000       	-0.7000       	2.5000e+00    	-2.4000       
1087		dif_1087	-0.3000       	-0.7000       	3.3000e+00    	-2.4000       
1088		dif_1088	-0.3000       	-0.7000       	4.1000e+00    	-2.4000       
1089		dif_1089	-0.3000       	-0.7000       	4.9000e+00    	-2.4000       
1090		dif_1090	-0.3000       	-0.7000       	5.7000e+00    	-2.4000       
1091		dif_1091	-0.3000       	-0.7000       	6.5000e+00    	-2.4000       
1092		dif_1092	-0.3000       	-0.7000       	2.5000e+00    	-1.8000       
1093		dif_1093	-0.3000       	-0.7000       	3.3000e+00    	-1.8000       
1094		dif_1094	-0.3000       	-0.7000       	4.1000e+00    	-1.8000       
1095		dif_1095	-0.3000       	-0.7000       	4.9000e+00    	-1.8000       
1096		dif_1096	-0.3000       	-0.7000       	5.7000e+00    	-1.8000       
1097		dif_1097	-0.3000       	-0.7000       	6.5000e+00    	-1.8000       
1098		dif_1098	-0.3000       	-0.7000       	2.5000e+00    	-1.2000       
1099		dif_1099	-0.3000       	-0.7000       	3.3000e+00    	-1.2000       
1100		dif_1100	-0.3000       	-0.7000       	4.1000e+00    	-1.2000       
1101		dif_1101	-0.3000       	-0.7000       	4.9000e+00    	-1.2000       
1102		dif_1102	-0.3000       	-0.7000       	5.7000e+00    	-1.2000       
1103		dif_1103	-0.3000       	-0.7000       	6.5000e+00    	-1.2000       
1104		dif_1104	-0.3000       	-0.7000       	2.5000e+00    	-0.6000       
1105		dif_1105	-0.3000       	-0.7000       	3.3000e+00    	-0.6000       
1106		dif_1106	-0.3000       	-0.7000       	4.1000e+00    	-0.6000       
1107		dif_1107	-0.3000       	-0.7000       	4.9000e+00    	-0.6000       
1108		dif_1108	-0.3000       	-0.7000       	5.7000e+00    	-0.6000       
1109		dif_1109	-0.3000       	-0.7000       	6.5000e+00    	-0.6000       
1110		dif_1110	-0.3000       	-0.7000       	2.5000e+00    	0.0000        
1111		dif_1111	-0.3000       	-0.7000       	3.3000e+00    	0.0000        
1112		dif_1112	-0.3000       	-0.7000       	4.1000e+00    	0.0000        
1113		dif_1113	-0.3000       	-0.7000       	4.9000e+00    	0.0000        
1114		dif_1114	-0.3000       	-0.7000       	5.7000e+00    	0.0000        
1115		dif_1115	-0.3000       	-0.7000       	6.5000e+00    	0.0000        
1116		dif_1116	-0.3000       	-0.4000       	2.5000e+00    	-3.0000       
1117		dif_1117	-0.3000       	-0.4000       	3.3000e+00    	-3.0000       
1118		dif_1118	-0.3000       	-0.4000       	4.1000e+00    	-3.0000       
1119		dif_1119	-0.3000       	-0.4000       	4.9000e+00    	-3.0000       
1120		dif_1120	-0.3000       	-0.4000       	5.7000e+00    	-3.0000       
1121		dif_1121	-0.3000       	-0.4000       	6.5000e+00    	-3.0000       
1122		dif_1122	-0.3000       	-0.4000       	2.5000e+00    	-2.4000       
1123		dif_1123	-0.3000       	-0.4000       	3.3000e+00    	-2.4000       
1124		dif_1124	-0.3000       	-0.4000       	4.1000e+00    	-2.4000       
1125		dif_1125	-0.3000       	-0.4000       	4.9000e+00    	-2.4000       
1126		dif_1126	-0.3000       	-0.4000       	5.7000e+00    	-2.4000       
1127		dif_1127	-0.3000       	-0.4000       	6.5000e+00    	-2.4000       
1128		dif_1128	-0.3000       	-0.4000       	2.5000e+00    	-1.8000       
1129		dif_1129	-0.3000       	-0.4000       	3.3000e+00    	-1.8000       
1130		dif_1130	-0.3000       	-0.4000       	4.1000e+00    	-1.8000       
1131		dif_1131	-0.3000       	-0.4000       	4.9000e+00    	-1.8000       
1132		dif_1132	-0.3000       	-0.4000       	5.7000e+00    	-1.8000       
1133		dif_1133	-0.3000       	-0.4000       	6.5000e+00    	-1.8000       
1134		dif_1134	-0.3000       	-0.4000       	2.5000e+00    	-1.2000       
1135		dif_1135	-0.3000       	-0.4000       	3.3000e+00    	-1.2000       
1136		dif_1136	-0.3000       	-0.4000       	4.1000e+00    	-1.2000       
1137		dif_1137	-0.3000       	-0.4000       	4.9000e+00    	-1.2000       
1138		dif_1138	-0.3000       	-0.4000       	5.7000e+00    	-1.2000       
1139		dif_1139	-0.3000       	-0.4000       	6.5000e+00    	-1.2000       
1140		dif_1140	-0.3000       	-0.4000       	2.5000e+00    	-0.6000       
1141		dif_1141	-0.3000       	-0.4000       	3.3000e+00    	-0.6000       
1142		dif_1142	-0.3000       	-0.4000       	4.1000e+00    	-0.6000       
1143		dif_1143	-0.3000       	-0.4000       	4.9000e+00    	-0.6000       
1144		dif_1144	-0.3000       	-0.4000       	5.7000e+00    	-0.6000       
1145		dif_1145	-0.3000       	-0.4000       	6.5000e+00    	-0.6000       
1146		dif_1146	-0.3000       	-0.4000       	2.5000e+00    	0.0000        
1147		dif_1147	-0.3000       	-0.4000       	3.3000e+00    	0.0000        
1148		dif_1148	-0.3000       	-0.4000       	4.1000e+00    	0.0000        
1149		dif_1149	-0.3000       	-0.4000       	4.9000e+00    	0.0000        
1150		dif_1150	-0.3000       	-0.4000       	5.7000e+00    	0.0000        
1151		dif_1151	-0.3000       	-0.4000       	6.5000e+00    	0.0000        
1152		dif_1152	-0.3000       	-0.1000       	2.5000e+00    	-3.0000       
1153		dif_1153	-0.3000       	-0.1000       	3.3000e+00    	-3.0000       
1154		dif_1154	-0.3000       	-0.1000       	4.1000e+00    	-3.0000       
1155		dif_1155	-0.3000       	-0.1000       	4.9000e+00    	-3.0000       
1156		dif_1156	-0.3000       	-0.1000       	5.7000e+00    	-3.0000       
1157		dif_1157	-0.3000       	-0.1000       	6.5000e+00    	-3.0000       
1158		dif_1158	-0.3000       	-0.1000       	2.5000e+00    	-2.4000       
1159		dif_1159	-0.3000       	-0.1000       	3.3000e+00    	-2.4000       
1160		dif_1160	-0.3000       	-0.1000       	4.1000e+00    	-2.4000       
1161		dif_1161	-0.3000       	-0.1000       	4.9000e+00    	-2.4000       
1162		dif_1162	-0.3000       	-0.1000       	5.7000e+00    	-2.4000       
1163		dif_1163	-0.3000       	-0.1000       	6.5000e+00    	-2.4000       
1164		dif_1164	-0.3000       	-0.1000       	2.5000e+00    	-1.8000       
1165		dif_1165	-0.3000       	-0.1000       	3.3000e+00    	-1.8000       
1166		dif_1166	-0.3000       	-0.1000       	4.1000e+00    	-1.8000       
1167		dif_1167	-0.3000       	-0.1000       	4.9000e+00    	-1.8000       
1168		dif_1168	-0.3000       	-0.1000       	5.7000e+00    	-1.8000       
1169		dif_1169	-0.3000       	-0.1000       	6.5000e+00    	-1.8000       
1170		dif_1170	-0.3000       	-0.1000       	2.5000e+00    	-1.2000       
1171		dif_1171	-0.3000       	-0.1000       	3.3000e+00    	-1.2000       
1172		dif_1172	-0.3000       	-0.1000       	4.1000e+00    	-1.2000       
1173		dif_1173	-0.3000       	-0.1000       	4.9000e+00    	-1.2000       
1174		dif_1174	-0.3000       	-0.1000       	5.7000e+00    	-1.2000       
1175		dif_1175	-0.3000       	-0.1000       	6.5000e+00    	-1.2000       
1176		dif_1176	-0.3000       	-0.1000       	2.5000e+00    	-0.6000       
1177		dif_1177	-0.3000       	-0.1000       	3.3000e+00    	-0.6000       
1178		dif_1178	-0.3000       	-0.1000       	4.1000e+00    	-0.6000       
1179		dif_1179	-0.3000       	-0.1000       	4.9000e+00    	-0.6000       
1180		dif_1180	-0.3000       	-0.1000       	5.7000e+00    	-0.6000       
1181		dif_1181	-0.3000       	-0.1000       	6.5000e+00    	-0.6000       
1182		dif_1182	-0.3000       	-0.1000       	2.5000e+00    	0.0000        
1183		dif_1183	-0.3000       	-0.1000       	3.3000e+00    	0.0000        
1184		dif_1184	-0.3000       	-0.1000       	4.1000e+00    	0.0000        
1185		dif_1185	-0.3000       	-0.1000       	4.9000e+00    	0.0000        
1186		dif_1186	-0.3000       	-0.1000       	5.7000e+00    	0.0000        
1187		dif_1187	-0.3000       	-0.1000       	6.5000e+00    	0.0000        
1188		dif_1188	-0.3000       	0.2000        	2.5000e+00    	-3.0000       
1189		dif_1189	-0.3000       	0.2000        	3.3000e+00    	-3.0000       
1190		dif_1190	-0.3000       	0.2000        	4.1000e+00    	-3.0000       
1191		dif_1191	-0.3000       	0.2000        	4.9000e+00    	-3.0000       
1192		dif_1192	-0.3000       	0.2000        	5.7000e+00    	-3.0000       
1193		dif_1193	-0.3000       	0.2000        	6.5000e+00    	-3.0000       
1194		dif_1194	-0.3000       	0.2000        	2.5000e+00    	-2.4000       
1195		dif_1195	-0.3000       	0.2000        	3.3000e+00    	-2.4000       
1196		dif_1196	-0.3000       	0.2000        	4.1000e+00    	-2.4000       
1197		dif_1197	-0.3000       	0.2000        	4.9000e+00    	-2.4000       
1198		dif_1198	-0.3000       	0.2000        	5.7000e+00    	-2.4000       
1199		dif_1199	-0.3000       	0.2000        	6.5000e+00    	-2.4000       
1200		dif_1200	-0.3000       	0.2000        	2.5000e+00    	-1.8000       
1201		dif_1201	-0.3000       	0.2000        	3.3000e+00    	-1.8000       
1202		dif_1202	-0.3000       	0.2000        	4.1000e+00    	-1.8000       
1203		dif_1203	-0.3000       	0.2000        	4.9000e+00    	-1.8000       
1204		dif_1204	-0.3000       	0.2000        	5.7000e+00    	-1.8000       
1205		dif_1205	-0.3000       	0.2000        	6.5000e+00    	-1.8000       
1206		dif_1206	-0.3000       	0.2000        	2.5000e+00    	-1.2000       
1207		dif_1207	-0.3000       	0.2000        	3.3000e+00    	-1.2000       
1208		dif_1208	-0.3000       	0.2000        	4.1000e+00    	-1.2000       
1209		dif_1209	-0.3000       	0.2000        	4.9000e+00    	-1.2000       
1210		dif_1210	-0.3000       	0.2000        	5.7000e+00    	-1.2000       
1211		dif_1211	-0.3000       	0.2000        	6.5000e+00    	-1.2000       
1212		dif_1212	-0.3000       	0.2000        	2.5000e+00    	-0.6000       
1213		dif_1213	-0.3000       	0.2000        	3.3000e+00    	-0.6000       
1214		dif_1214	-0.3000       	0.2000        	4.1000e+00    	-0.6000       
1215		dif_1215	-0.3000       	0.2000        	4.9000e+00    	-0.6000       
1216		dif_1216	-0.3000       	0.2000        	5.7000e+00    	-0.6000       
1217		dif_1217	-0.3000       	0.2000        	6.5000e+00    	-0.6000       
1218		dif_1218	-0.3000       	0.2000        	2.5000e+00    	0.0000        
1219		dif_1219	-0.3000       	0.2000        	3.3000e+00    	0.0000        
1220		dif_1220	-0.3000       	0.2000        	4.1000e+00    	0.0000        
1221		dif_1221	-0.3000       	0.2000        	4.9000e+00    	0.0000        
1222		dif_1222	-0.3000       	0.2000        	5.7000e+00    	0.0000        
1223		dif_1223	-0.3000       	0.2000        	6.5000e+00    	0.0000        
1224		dif_1224	-0.3000       	0.5000        	2.5000e+00    	-3.0000       
1225		dif_1225	-0.3000       	0.5000        	3.3000e+00    	-3.0000       
1226		dif_1226	-0.3000       	0.5000        	4.1000e+00    	-3.0000       
1227		dif_1227	-0.3000       	0.5000        	4.9000e+00    	-3.0000       
1228		dif_1228	-0.3000       	0.5000        	5.7000e+00    	-3.0000       
1229		dif_1229	-0.3000       	0.5000        	6.5000e+00    	-3.0000       
1230		dif_1230	-0.3000       	0.5000        	2.5000e+00    	-2.4000       
1231		dif_1231	-0.3000       	0.5000        	3.3000e+00    	-2.4000       
1232		dif_1232	-0.3000       	0.5000        	4.1000e+00    	-2.4000       
1233		dif_1233	-0.3000       	0.5000        	4.9000e+00    	-2.4000       
1234		dif_1234	-0.3000       	0.5000        	5.7000e+00    	-2.4000       
1235		dif_1235	-0.3000       	0.5000        	6.5000e+00    	-2.4000       
1236		dif_1236	-0.3000       	0.5000        	2.5000e+00    	-1.8000       
1237		dif_1237	-0.3000       	0.5000        	3.3000e+00    	-1.8000       
1238		dif_1238	-0.3000       	0.5000        	4.1000e+00    	-1.8000       
1239		dif_1239	-0.3000       	0.5000        	4.9000e+00    	-1.8000       
1240		dif_1240	-0.3000       	0.5000        	5.7000e+00    	-1.8000       
1241		dif_1241	-0.3000       	0.5000        	6.5000e+00    	-1.8000       
1242		dif_1242	-0.3000       	0.5000        	2.5000e+00    	-1.2000       
1243		dif_1243	-0.3000       	0.5000        	3.3000e+00    	-1.2000       
1244		dif_1244	-0.3000       	0.5000        	4.1000e+00    	-1.2000       
1245		dif_1245	-0.3000       	0.5000        	4.9000e+00    	-1.2000       
1246		dif_1246	-0.3000       	0.5000        	5.7000e+00    	-1.2000       
1247		dif_1247	-0.3000       	0.5000        	6.5000e+00    	-1.2000       
1248		dif_1248	-0.3000       	0.5000        	2.5000e+00    	-0.6000       
1249		dif_1249	-0.3000       	0.5000        	3.3000e+00    	-0.6000       
1250		dif_1250	-0.3000       	0.5000        	4.1000e+00    	-0.6000       
1251		dif_1251	-0.3000       	0.5000        	4.9000e+00    	-0.6000       
1252		dif_1252	-0.3000       	0.5000        	5.7000e+00    	-0.6000       
1253		dif_1253	-0.3000       	0.5000        	6.5000e+00    	-0.6000       
1254		dif_1254	-0.3000       	0.5000        	2.5000e+00    	0.0000        
1255		dif_1255	-0.3000       	0.5000        	3.3000e+00    	0.0000        
1256		dif_1256	-0.3000       	0.5000        	4.1000e+00    	0.0000        
1257		dif_1257	-0.3000       	0.5000        	4.9000e+00    	0.0000        
1258		dif_1258	-0.3000       	0.5000        	5.7000e+00    	0.0000        
1259		dif_1259	-0.3000       	0.5000        	6.5000e+00    	0.0000        
1260		dif_1260	-0.3000       	0.8000        	2.5000e+00    	-3.0000       
1261		dif_1261	-0.3000       	0.8000        	3.3000e+00    	-3.0000       
1262		dif_1262	-0.3000       	0.8000        	4.1000e+00    	-3.0000       
1263		dif_1263	-0.3000       	0.8000        	4.9000e+00    	-3.0000       
1264		dif_1264	-0.3000       	0.8000        	5.7000e+00    	-3.0000       
1265		dif_1265	-0.3000       	0.8000        	6.5000e+00    	-3.0000       
1266		dif_1266	-0.3000       	0.8000        	2.5000e+00    	-2.4000       
1267		dif_1267	-0.3000       	0.8000        	3.3000e+00    	-2.4000       
1268		dif_1268	-0.3000       	0.8000        	4.1000e+00    	-2.4000       
1269		dif_1269	-0.3000       	0.8000        	4.9000e+00    	-2.4000       
1270		dif_1270	-0.3000       	0.8000        	5.7000e+00    	-2.4000       
1271		dif_1271	-0.3000       	0.8000        	6.5000e+00    	-2.4000       
1272		dif_1272	-0.3000       	0.8000        	2.5000e+00    	-1.8000       
1273		dif_1273	-0.3000       	0.8000        	3.3000e+00    	-1.8000       
1274		dif_1274	-0.3000       	0.8000        	4.1000e+00    	-1.8000       
1275		dif_1275	-0.3000       	0.8000        	4.9000e+00    	-1.8000       
1276		dif_1276	-0.3000       	0.8000        	5.7000e+00    	-1.8000       
1277		dif_1277	-0.3000       	0.8000        	6.5000e+00    	-1.8000       
1278		dif_1278	-0.3000       	0.8000        	2.5000e+00    	-1.2000       
1279		dif_1279	-0.3000       	0.8000        	3.3000e+00    	-1.2000       
1280		dif_1280	-0.3000       	0.8000        	4.1000e+00    	-1.2000       
1281		dif_1281	-0.3000       	0.8000        	4.9000e+00    	-1.2000       
1282		dif_1282	-0.3000       	0.8000        	5.7000e+00    	-1.2000       
1283		dif_1283	-0.3000       	0.8000        	6.5000e+00    	-1.2000       
1284		dif_1284	-0.3000       	0.8000        	2.5000e+00    	-0.6000       
1285		dif_1285	-0.3000       	0.8000        	3.3000e+00    	-0.6000       
1286		dif_1286	-0.3000       	0.8000        	4.1000e+00    	-0.6000       
1287		dif_1287	-0.3000       	0.8000        	4.9000e+00    	-0.6000       
1288		dif_1288	-0.3000       	0.8000        	5.7000e+00    	-0.6000       
1289		dif_1289	-0.3000       	0.8000        	6.5000e+00    	-0.6000       
1290		dif_1290	-0.3000       	0.8000        	2.5000e+00    	0.0000        
1291		dif_1291	-0.3000       	0.8000        	3.3000e+00    	0.0000        
1292		dif_1292	-0.3000       	0.8000        	4.1000e+00    	0.0000        
1293		dif_1293	-0.3000       	0.8000        	4.9000e+00    	0.0000        
1294		dif_1294	-0.3000       	0.8000        	5.7000e+00    	0.0000        
1295		dif_1295	-0.3000       	0.8000        	6.5000e+00    	0.0000        
